E_COMMODITY,UNIT_QY1,UNIT_QY2,CTY_CODE,CTY_NAME,DISTRICT,DIST_NAME,YEAR,MONTH,CC_MO,QTY_1_MO,ALL_VAL_MO,AIR_VAL_MO,AIR_WGT_MO,VES_VAL_MO,VES_WGT_MO,CNT_VAL_MO,CNT_WGT_MO,YEAR,MONTH,E_COMMODITY
3915100000,KG,-,0020,NAFTA,01,"PORTLAND, ME",2022,08,0,0,0,0,0,0,0,0,0,2022,08,3915100000
3915100000,KG,-,0022,OECD,01,"PORTLAND, ME",2022,08,0,0,0,0,0,0,0,0,0,2022,08,3915100000
3915100000,KG,-,0023,NATO,01,"PORTLAND, ME",2022,08,0,0,0,0,0,0,0,0,0,2022,08,3915100000
3915100000,KG,-,0026,APEC,01,"PORTLAND, ME",2022,08,0,0,0,0,0,0,0,0,0,2022,08,3915100000
3915100000,KG,-,1220,CANADA,01,"PORTLAND, ME",2022,08,0,0,0,0,0,0,0,0,0,2022,08,3915100000
3915100000,KG,-,1XXX,NORTH AMERICA,01,"PORTLAND, ME",2022,08,0,0,0,0,0,0,0,0,0,2022,08,3915100000
3915100000,KG,-,0020,NAFTA,02,"ST. ALBANS, VT",2022,08,3,42456,46377,0,0,0,0,0,0,2022,08,3915100000
3915100000,KG,-,0022,OECD,02,"ST. ALBANS, VT",2022,08,3,42456,46377,0,0,0,0,0,0,2022,08,3915100000
3915100000,KG,-,0023,NATO,02,"ST. ALBANS, VT",2022,08,3,42456,46377,0,0,0,0,0,0,2022,08,3915100000
3915100000,KG,-,0026,APEC,02,"ST. ALBANS, VT",2022,08,3,42456,46377,0,0,0,0,0,0,2022,08,3915100000
3915100000,KG,-,1220,CANADA,02,"ST. ALBANS, VT",2022,08,3,42456,46377,0,0,0,0,0,0,2022,08,3915100000
3915100000,KG,-,1XXX,NORTH AMERICA,02,"ST. ALBANS, VT",2022,08,3,42456,46377,0,0,0,0,0,0,2022,08,3915100000
3915100000,KG,-,0020,NAFTA,07,"OGDENSBURG, NY",2022,08,19,438731,168422,0,0,0,0,0,0,2022,08,3915100000
3915100000,KG,-,0022,OECD,07,"OGDENSBURG, NY",2022,08,19,438731,168422,0,0,0,0,0,0,2022,08,3915100000
3915100000,KG,-,0023,NATO,07,"OGDENSBURG, NY",2022,08,19,438731,168422,0,0,0,0,0,0,2022,08,3915100000
3915100000,KG,-,0026,APEC,07,"OGDENSBURG, NY",2022,08,19,438731,168422,0,0,0,0,0,0,2022,08,3915100000
3915100000,KG,-,1220,CANADA,07,"OGDENSBURG, NY",2022,08,19,438731,168422,0,0,0,0,0,0,2022,08,3915100000
3915100000,KG,-,1XXX,NORTH AMERICA,07,"OGDENSBURG, NY",2022,08,19,438731,168422,0,0,0,0,0,0,2022,08,3915100000
3915100000,KG,-,0003,EUROPEAN UNION,09,"BUFFALO, NY",2022,08,2,45914,17750,0,0,7500,18000,7500,18000,2022,08,3915100000
3915100000,KG,-,0020,NAFTA,09,"BUFFALO, NY",2022,08,10,222348,68217,0,0,0,0,0,0,2022,08,3915100000
3915100000,KG,-,0022,OECD,09,"BUFFALO, NY",2022,08,12,268262,85967,0,0,7500,18000,7500,18000,2022,08,3915100000
3915100000,KG,-,0023,NATO,09,"BUFFALO, NY",2022,08,12,268262,85967,0,0,7500,18000,7500,18000,2022,08,3915100000
3915100000,KG,-,0025,EURO AREA,09,"BUFFALO, NY",2022,08,2,45914,17750,0,0,7500,18000,7500,18000,2022,08,3915100000
3915100000,KG,-,0026,APEC,09,"BUFFALO, NY",2022,08,10,222348,68217,0,0,0,0,0,0,2022,08,3915100000
3915100000,KG,-,1220,CANADA,09,"BUFFALO, NY",2022,08,10,222348,68217,0,0,0,0,0,0,2022,08,3915100000
3915100000,KG,-,1XXX,NORTH AMERICA,09,"BUFFALO, NY",2022,08,10,222348,68217,0,0,0,0,0,0,2022,08,3915100000
3915100000,KG,-,4210,NETHERLANDS,09,"BUFFALO, NY",2022,08,0,0,0,0,0,0,0,0,0,2022,08,3915100000
3915100000,KG,-,4621,RUSSIA,09,"BUFFALO, NY",2022,08,0,0,0,0,0,0,0,0,0,2022,08,3915100000
3915100000,KG,-,4700,SPAIN,09,"BUFFALO, NY",2022,08,2,45914,17750,0,0,7500,18000,7500,18000,2022,08,3915100000
3915100000,KG,-,4810,ALBANIA,09,"BUFFALO, NY",2022,08,0,0,0,0,0,0,0,0,0,2022,08,3915100000
3915100000,KG,-,4XXX,EUROPE,09,"BUFFALO, NY",2022,08,2,45914,17750,0,0,7500,18000,7500,18000,2022,08,3915100000
3915100000,KG,-,0003,EUROPEAN UNION,10,"NEW YORK CITY, NY",2022,08,1,43405,44346,0,0,44346,44794,44346,44794,2022,08,3915100000
3915100000,KG,-,0014,PACIFIC RIM COUNTRIES,10,"NEW YORK CITY, NY",2022,08,21,1761867,890684,0,0,890684,1765462,890684,1765462,2022,08,3915100000
3915100000,KG,-,0017,CAFTA-DR,10,"NEW YORK CITY, NY",2022,08,0,0,0,0,0,0,0,0,0,2022,08,3915100000
3915100000,KG,-,0021,TWENTY LATIN AMERICAN REPUBLICS,10,"NEW YORK CITY, NY",2022,08,0,0,0,0,0,0,0,0,0,2022,08,3915100000
3915100000,KG,-,0022,OECD,10,"NEW YORK CITY, NY",2022,08,11,395204,243766,0,0,243766,404537,243766,404537,2022,08,3915100000
3915100000,KG,-,0023,NATO,10,"NEW YORK CITY, NY",2022,08,11,395204,243766,0,0,243766,404537,243766,404537,2022,08,3915100000
3915100000,KG,-,0024,LAFTA,10,"NEW YORK CITY, NY",2022,08,0,0,0,0,0,0,0,0,0,2022,08,3915100000
3915100000,KG,-,0025,EURO AREA,10,"NEW YORK CITY, NY",2022,08,1,43405,44346,0,0,44346,44794,44346,44794,2022,08,3915100000
3915100000,KG,-,0026,APEC,10,"NEW YORK CITY, NY",2022,08,29,1971238,973214,0,0,973214,1980884,973214,1980884,2022,08,3915100000
3915100000,KG,-,0027,ASEAN,10,"NEW YORK CITY, NY",2022,08,29,1971238,973214,0,0,973214,1980884,973214,1980884,2022,08,3915100000
3915100000,KG,-,0028,CACM,10,"NEW YORK CITY, NY",2022,08,0,0,0,0,0,0,0,0,0,2022,08,3915100000
3915100000,KG,-,2110,EL SALVADOR,10,"NEW YORK CITY, NY",2022,08,0,0,0,0,0,0,0,0,0,2022,08,3915100000
3915100000,KG,-,2486,DOMINICA,10,"NEW YORK CITY, NY",2022,08,0,0,0,0,0,0,0,0,0,2022,08,3915100000
3915100000,KG,-,2XXX,CENTRAL AMERICA,10,"NEW YORK CITY, NY",2022,08,0,0,0,0,0,0,0,0,0,2022,08,3915100000
3915100000,KG,-,3010,COLOMBIA,10,"NEW YORK CITY, NY",2022,08,0,0,0,0,0,0,0,0,0,2022,08,3915100000
3915100000,KG,-,3330,PERU,10,"NEW YORK CITY, NY",2022,08,0,0,0,0,0,0,0,0,0,2022,08,3915100000
3915100000,KG,-,3XXX,SOUTH AMERICA,10,"NEW YORK CITY, NY",2022,08,0,0,0,0,0,0,0,0,0,2022,08,3915100000
3915100000,KG,-,4210,NETHERLANDS,10,"NEW YORK CITY, NY",2022,08,0,0,0,0,0,0,0,0,0,2022,08,3915100000
3915100000,KG,-,4700,SPAIN,10,"NEW YORK CITY, NY",2022,08,1,43405,44346,0,0,44346,44794,44346,44794,2022,08,3915100000
3915100000,KG,-,4840,GREECE,10,"NEW YORK CITY, NY",2022,08,0,0,0,0,0,0,0,0,0,2022,08,3915100000
3915100000,KG,-,4890,TURKEY,10,"NEW YORK CITY, NY",2022,08,10,351799,199420,0,0,199420,359743,199420,359743,2022,08,3915100000
3915100000,KG,-,4XXX,EUROPE,10,"NEW YORK CITY, NY",2022,08,11,395204,243766,0,0,243766,404537,243766,404537,2022,08,3915100000
3915100000,KG,-,5200,UNITED ARAB EMIRATES,10,"NEW YORK CITY, NY",2022,08,1,13178,4965,0,0,4965,13600,0,0,2022,08,3915100000
3915100000,KG,-,5330,INDIA,10,"NEW YORK CITY, NY",2022,08,16,503106,344525,0,0,344525,508257,344525,508257,2022,08,3915100000
3915100000,KG,-,5350,PAKISTAN,10,"NEW YORK CITY, NY",2022,08,6,158474,77417,0,0,77417,158474,77417,158474,2022,08,3915100000
3915100000,KG,-,5380,BANGLADESH,10,"NEW YORK CITY, NY",2022,08,1,69591,31315,0,0,31315,69591,31315,69591,2022,08,3915100000
3915100000,KG,-,5490,THAILAND,10,"NEW YORK CITY, NY",2022,08,0,0,0,0,0,0,0,0,0,2022,08,3915100000
3915100000,KG,-,5520,VIETNAM,10,"NEW YORK CITY, NY",2022,08,8,209371,82530,0,0,82530,215422,82530,215422,2022,08,3915100000
3915100000,KG,-,5570,MALAYSIA,10,"NEW YORK CITY, NY",2022,08,7,231596,151623,0,0,151623,235191,151623,235191,2022,08,3915100000
3915100000,KG,-,5600,INDONESIA,10,"NEW YORK CITY, NY",2022,08,14,1530271,739061,0,0,739061,1530271,739061,1530271,2022,08,3915100000
3915100000,KG,-,5800,"KOREA, SOUTH",10,"NEW YORK CITY, NY",2022,08,0,0,0,0,0,0,0,0,0,2022,08,3915100000
3915100000,KG,-,5820,HONG KONG,10,"NEW YORK CITY, NY",2022,08,0,0,0,0,0,0,0,0,0,2022,08,3915100000
3915100000,KG,-,5XXX,ASIA,10,"NEW YORK CITY, NY",2022,08,53,2715587,1431436,0,0,1431436,2730806,1426471,2717206,2022,08,3915100000
3915100000,KG,-,0003,EUROPEAN UNION,11,"PHILADELPHIA, PA",2022,08,1,33983,10074,0,0,10074,33983,10074,33983,2022,08,3915100000
3915100000,KG,-,0021,TWENTY LATIN AMERICAN REPUBLICS,11,"PHILADELPHIA, PA",2022,08,0,0,0,0,0,0,0,0,0,2022,08,3915100000
3915100000,KG,-,0022,OECD,11,"PHILADELPHIA, PA",2022,08,1,33983,10074,0,0,10074,33983,10074,33983,2022,08,3915100000
3915100000,KG,-,0023,NATO,11,"PHILADELPHIA, PA",2022,08,1,33983,10074,0,0,10074,33983,10074,33983,2022,08,3915100000
3915100000,KG,-,0024,LAFTA,11,"PHILADELPHIA, PA",2022,08,0,0,0,0,0,0,0,0,0,2022,08,3915100000
3915100000,KG,-,0025,EURO AREA,11,"PHILADELPHIA, PA",2022,08,1,33983,10074,0,0,10074,33983,10074,33983,2022,08,3915100000
3915100000,KG,-,0026,APEC,11,"PHILADELPHIA, PA",2022,08,0,0,0,0,0,0,0,0,0,2022,08,3915100000
3915100000,KG,-,3370,CHILE,11,"PHILADELPHIA, PA",2022,08,0,0,0,0,0,0,0,0,0,2022,08,3915100000
3915100000,KG,-,3XXX,SOUTH AMERICA,11,"PHILADELPHIA, PA",2022,08,0,0,0,0,0,0,0,0,0,2022,08,3915100000
3915100000,KG,-,4210,NETHERLANDS,11,"PHILADELPHIA, PA",2022,08,1,33983,10074,0,0,10074,33983,10074,33983,2022,08,3915100000
3915100000,KG,-,4XXX,EUROPE,11,"PHILADELPHIA, PA",2022,08,1,33983,10074,0,0,10074,33983,10074,33983,2022,08,3915100000
3915100000,KG,-,0014,PACIFIC RIM COUNTRIES,13,"BALTIMORE, MD",2022,08,0,0,0,0,0,0,0,0,0,2022,08,3915100000
3915100000,KG,-,0026,APEC,13,"BALTIMORE, MD",2022,08,0,0,0,0,0,0,0,0,0,2022,08,3915100000
3915100000,KG,-,0027,ASEAN,13,"BALTIMORE, MD",2022,08,0,0,0,0,0,0,0,0,0,2022,08,3915100000
3915100000,KG,-,5330,INDIA,13,"BALTIMORE, MD",2022,08,0,0,0,0,0,0,0,0,0,2022,08,3915100000
3915100000,KG,-,5490,THAILAND,13,"BALTIMORE, MD",2022,08,0,0,0,0,0,0,0,0,0,2022,08,3915100000
3915100000,KG,-,5520,VIETNAM,13,"BALTIMORE, MD",2022,08,0,0,0,0,0,0,0,0,0,2022,08,3915100000
3915100000,KG,-,5570,MALAYSIA,13,"BALTIMORE, MD",2022,08,0,0,0,0,0,0,0,0,0,2022,08,3915100000
3915100000,KG,-,5XXX,ASIA,13,"BALTIMORE, MD",2022,08,0,0,0,0,0,0,0,0,0,2022,08,3915100000
3915100000,KG,-,0003,EUROPEAN UNION,14,"NORFOLK, VA",2022,08,0,0,0,0,0,0,0,0,0,2022,08,3915100000
3915100000,KG,-,0014,PACIFIC RIM COUNTRIES,14,"NORFOLK, VA",2022,08,2,52736,17627,0,0,17627,52736,17627,52736,2022,08,3915100000
3915100000,KG,-,0017,CAFTA-DR,14,"NORFOLK, VA",2022,08,0,0,0,0,0,0,0,0,0,2022,08,3915100000
3915100000,KG,-,0021,TWENTY LATIN AMERICAN REPUBLICS,14,"NORFOLK, VA",2022,08,0,0,0,0,0,0,0,0,0,2022,08,3915100000
3915100000,KG,-,0022,OECD,14,"NORFOLK, VA",2022,08,1,16197,8213,0,0,8213,16940,8213,16940,2022,08,3915100000
3915100000,KG,-,0023,NATO,14,"NORFOLK, VA",2022,08,1,16197,8213,0,0,8213,16940,8213,16940,2022,08,3915100000
3915100000,KG,-,0024,LAFTA,14,"NORFOLK, VA",2022,08,0,0,0,0,0,0,0,0,0,2022,08,3915100000
3915100000,KG,-,0025,EURO AREA,14,"NORFOLK, VA",2022,08,0,0,0,0,0,0,0,0,0,2022,08,3915100000
3915100000,KG,-,2050,GUATEMALA,14,"NORFOLK, VA",2022,08,0,0,0,0,0,0,0,0,0,2022,08,3915100000
3915100000,KG,-,0026,APEC,14,"NORFOLK, VA",2022,08,4,131557,37371,0,0,37371,132159,37371,132159,2022,08,3915100000
3915100000,KG,-,0027,ASEAN,14,"NORFOLK, VA",2022,08,4,131557,37371,0,0,37371,132159,37371,132159,2022,08,3915100000
3915100000,KG,-,0028,CACM,14,"NORFOLK, VA",2022,08,0,0,0,0,0,0,0,0,0,2022,08,3915100000
3915100000,KG,-,2470,DOMINICAN REPUBLIC,14,"NORFOLK, VA",2022,08,0,0,0,0,0,0,0,0,0,2022,08,3915100000
3915100000,KG,-,2XXX,CENTRAL AMERICA,14,"NORFOLK, VA",2022,08,0,0,0,0,0,0,0,0,0,2022,08,3915100000
3915100000,KG,-,3010,COLOMBIA,14,"NORFOLK, VA",2022,08,0,0,0,0,0,0,0,0,0,2022,08,3915100000
3915100000,KG,-,3XXX,SOUTH AMERICA,14,"NORFOLK, VA",2022,08,0,0,0,0,0,0,0,0,0,2022,08,3915100000
3915100000,KG,-,4120,UNITED KINGDOM,14,"NORFOLK, VA",2022,08,1,16197,8213,0,0,8213,16940,8213,16940,2022,08,3915100000
3915100000,KG,-,4210,NETHERLANDS,14,"NORFOLK, VA",2022,08,0,0,0,0,0,0,0,0,0,2022,08,3915100000
3915100000,KG,-,4700,SPAIN,14,"NORFOLK, VA",2022,08,0,0,0,0,0,0,0,0,0,2022,08,3915100000
3915100000,KG,-,4890,TURKEY,14,"NORFOLK, VA",2022,08,0,0,0,0,0,0,0,0,0,2022,08,3915100000
3915100000,KG,-,4XXX,EUROPE,14,"NORFOLK, VA",2022,08,1,16197,8213,0,0,8213,16940,8213,16940,2022,08,3915100000
3915100000,KG,-,5330,INDIA,14,"NORFOLK, VA",2022,08,16,588220,361727,0,0,361727,588343,361727,588343,2022,08,3915100000
3915100000,KG,-,5350,PAKISTAN,14,"NORFOLK, VA",2022,08,6,190008,75318,0,0,75318,200662,75318,200662,2022,08,3915100000
3915100000,KG,-,5490,THAILAND,14,"NORFOLK, VA",2022,08,0,0,0,0,0,0,0,0,0,2022,08,3915100000
3915100000,KG,-,5520,VIETNAM,14,"NORFOLK, VA",2022,08,2,78821,19744,0,0,19744,79423,19744,79423,2022,08,3915100000
3915100000,KG,-,5570,MALAYSIA,14,"NORFOLK, VA",2022,08,2,52736,17627,0,0,17627,52736,17627,52736,2022,08,3915100000
3915100000,KG,-,5590,SINGAPORE,14,"NORFOLK, VA",2022,08,0,0,0,0,0,0,0,0,0,2022,08,3915100000
3915100000,KG,-,5600,INDONESIA,14,"NORFOLK, VA",2022,08,0,0,0,0,0,0,0,0,0,2022,08,3915100000
3915100000,KG,-,5800,"KOREA, SOUTH",14,"NORFOLK, VA",2022,08,0,0,0,0,0,0,0,0,0,2022,08,3915100000
3915100000,KG,-,5820,HONG KONG,14,"NORFOLK, VA",2022,08,0,0,0,0,0,0,0,0,0,2022,08,3915100000
3915100000,KG,-,5XXX,ASIA,14,"NORFOLK, VA",2022,08,26,909785,474416,0,0,474416,921164,474416,921164,2022,08,3915100000
3915100000,KG,-,0017,CAFTA-DR,15,"WILMINGTON, NC",2022,08,0,0,0,0,0,0,0,0,0,2022,08,3915100000
3915100000,KG,-,0021,TWENTY LATIN AMERICAN REPUBLICS,15,"WILMINGTON, NC",2022,08,0,0,0,0,0,0,0,0,0,2022,08,3915100000
3915100000,KG,-,0024,LAFTA,15,"WILMINGTON, NC",2022,08,0,0,0,0,0,0,0,0,0,2022,08,3915100000
3915100000,KG,-,0026,APEC,15,"WILMINGTON, NC",2022,08,0,0,0,0,0,0,0,0,0,2022,08,3915100000
3915100000,KG,-,0028,CACM,15,"WILMINGTON, NC",2022,08,0,0,0,0,0,0,0,0,0,2022,08,3915100000
3915100000,KG,-,2230,COSTA RICA,15,"WILMINGTON, NC",2022,08,0,0,0,0,0,0,0,0,0,2022,08,3915100000
3915100000,KG,-,2XXX,CENTRAL AMERICA,15,"WILMINGTON, NC",2022,08,0,0,0,0,0,0,0,0,0,2022,08,3915100000
3915100000,KG,-,3330,PERU,15,"WILMINGTON, NC",2022,08,0,0,0,0,0,0,0,0,0,2022,08,3915100000
3915100000,KG,-,3XXX,SOUTH AMERICA,15,"WILMINGTON, NC",2022,08,0,0,0,0,0,0,0,0,0,2022,08,3915100000
3915100000,KG,-,0003,EUROPEAN UNION,16,"CHARLESTON, SC",2022,08,0,0,0,0,0,0,0,0,0,2022,08,3915100000
3915100000,KG,-,0014,PACIFIC RIM COUNTRIES,16,"CHARLESTON, SC",2022,08,0,0,0,0,0,0,0,0,0,2022,08,3915100000
3915100000,KG,-,0021,TWENTY LATIN AMERICAN REPUBLICS,16,"CHARLESTON, SC",2022,08,0,0,0,0,0,0,0,0,0,2022,08,3915100000
3915100000,KG,-,0022,OECD,16,"CHARLESTON, SC",2022,08,0,0,0,0,0,0,0,0,0,2022,08,3915100000
3915100000,KG,-,0023,NATO,16,"CHARLESTON, SC",2022,08,0,0,0,0,0,0,0,0,0,2022,08,3915100000
3915100000,KG,-,0024,LAFTA,16,"CHARLESTON, SC",2022,08,0,0,0,0,0,0,0,0,0,2022,08,3915100000
3915100000,KG,-,0025,EURO AREA,16,"CHARLESTON, SC",2022,08,0,0,0,0,0,0,0,0,0,2022,08,3915100000
3915100000,KG,-,0026,APEC,16,"CHARLESTON, SC",2022,08,0,0,0,0,0,0,0,0,0,2022,08,3915100000
3915100000,KG,-,0027,ASEAN,16,"CHARLESTON, SC",2022,08,0,0,0,0,0,0,0,0,0,2022,08,3915100000
3915100000,KG,-,3010,COLOMBIA,16,"CHARLESTON, SC",2022,08,0,0,0,0,0,0,0,0,0,2022,08,3915100000
3915100000,KG,-,3XXX,SOUTH AMERICA,16,"CHARLESTON, SC",2022,08,0,0,0,0,0,0,0,0,0,2022,08,3915100000
3915100000,KG,-,4120,UNITED KINGDOM,16,"CHARLESTON, SC",2022,08,0,0,0,0,0,0,0,0,0,2022,08,3915100000
3915100000,KG,-,4210,NETHERLANDS,16,"CHARLESTON, SC",2022,08,0,0,0,0,0,0,0,0,0,2022,08,3915100000
3915100000,KG,-,4280,GERMANY,16,"CHARLESTON, SC",2022,08,0,0,0,0,0,0,0,0,0,2022,08,3915100000
3915100000,KG,-,4700,SPAIN,16,"CHARLESTON, SC",2022,08,0,0,0,0,0,0,0,0,0,2022,08,3915100000
3915100000,KG,-,4759,ITALY,16,"CHARLESTON, SC",2022,08,0,0,0,0,0,0,0,0,0,2022,08,3915100000
3915100000,KG,-,4XXX,EUROPE,16,"CHARLESTON, SC",2022,08,0,0,0,0,0,0,0,0,0,2022,08,3915100000
3915100000,KG,-,5330,INDIA,16,"CHARLESTON, SC",2022,08,0,0,0,0,0,0,0,0,0,2022,08,3915100000
3915100000,KG,-,5350,PAKISTAN,16,"CHARLESTON, SC",2022,08,1,17000,3000,0,0,3000,17000,3000,17000,2022,08,3915100000
3915100000,KG,-,5490,THAILAND,16,"CHARLESTON, SC",2022,08,0,0,0,0,0,0,0,0,0,2022,08,3915100000
3915100000,KG,-,5520,VIETNAM,16,"CHARLESTON, SC",2022,08,0,0,0,0,0,0,0,0,0,2022,08,3915100000
3915100000,KG,-,5570,MALAYSIA,16,"CHARLESTON, SC",2022,08,0,0,0,0,0,0,0,0,0,2022,08,3915100000
3915100000,KG,-,5600,INDONESIA,16,"CHARLESTON, SC",2022,08,0,0,0,0,0,0,0,0,0,2022,08,3915100000
3915100000,KG,-,5820,HONG KONG,16,"CHARLESTON, SC",2022,08,0,0,0,0,0,0,0,0,0,2022,08,3915100000
3915100000,KG,-,5XXX,ASIA,16,"CHARLESTON, SC",2022,08,1,17000,3000,0,0,3000,17000,3000,17000,2022,08,3915100000
3915100000,KG,-,0003,EUROPEAN UNION,17,"SAVANNAH, GA",2022,08,1,15236,23720,0,0,23720,16937,23720,16937,2022,08,3915100000
3915100000,KG,-,0014,PACIFIC RIM COUNTRIES,17,"SAVANNAH, GA",2022,08,2,55133,21323,0,0,21323,55133,21323,55133,2022,08,3915100000
3915100000,KG,-,0023,NATO,17,"SAVANNAH, GA",2022,08,2,32231,33458,0,0,33458,34019,33458,34019,2022,08,3915100000
3915100000,KG,-,0017,CAFTA-DR,17,"SAVANNAH, GA",2022,08,0,0,0,0,0,0,0,0,0,2022,08,3915100000
3915100000,KG,-,0021,TWENTY LATIN AMERICAN REPUBLICS,17,"SAVANNAH, GA",2022,08,1,600000,793664,0,0,793664,600000,793664,600000,2022,08,3915100000
3915100000,KG,-,0022,OECD,17,"SAVANNAH, GA",2022,08,2,32231,33458,0,0,33458,34019,33458,34019,2022,08,3915100000
3915100000,KG,-,0024,LAFTA,17,"SAVANNAH, GA",2022,08,1,600000,793664,0,0,793664,600000,793664,600000,2022,08,3915100000
3915100000,KG,-,0025,EURO AREA,17,"SAVANNAH, GA",2022,08,1,15236,23720,0,0,23720,16937,23720,16937,2022,08,3915100000
3915100000,KG,-,0026,APEC,17,"SAVANNAH, GA",2022,08,3,71247,29190,0,0,29190,71763,29190,71763,2022,08,3915100000
3915100000,KG,-,0027,ASEAN,17,"SAVANNAH, GA",2022,08,3,71247,29190,0,0,29190,71763,29190,71763,2022,08,3915100000
3915100000,KG,-,0028,CACM,17,"SAVANNAH, GA",2022,08,0,0,0,0,0,0,0,0,0,2022,08,3915100000
3915100000,KG,-,2110,EL SALVADOR,17,"SAVANNAH, GA",2022,08,0,0,0,0,0,0,0,0,0,2022,08,3915100000
3915100000,KG,-,2150,HONDURAS,17,"SAVANNAH, GA",2022,08,0,0,0,0,0,0,0,0,0,2022,08,3915100000
3915100000,KG,-,2XXX,CENTRAL AMERICA,17,"SAVANNAH, GA",2022,08,0,0,0,0,0,0,0,0,0,2022,08,3915100000
3915100000,KG,-,3010,COLOMBIA,17,"SAVANNAH, GA",2022,08,0,0,0,0,0,0,0,0,0,2022,08,3915100000
3915100000,KG,-,3310,ECUADOR,17,"SAVANNAH, GA",2022,08,1,600000,793664,0,0,793664,600000,793664,600000,2022,08,3915100000
3915100000,KG,-,3370,CHILE,17,"SAVANNAH, GA",2022,08,0,0,0,0,0,0,0,0,0,2022,08,3915100000
3915100000,KG,-,3510,BRAZIL,17,"SAVANNAH, GA",2022,08,0,0,0,0,0,0,0,0,0,2022,08,3915100000
3915100000,KG,-,3XXX,SOUTH AMERICA,17,"SAVANNAH, GA",2022,08,1,600000,793664,0,0,793664,600000,793664,600000,2022,08,3915100000
3915100000,KG,-,4120,UNITED KINGDOM,17,"SAVANNAH, GA",2022,08,0,0,0,0,0,0,0,0,0,2022,08,3915100000
3915100000,KG,-,4231,BELGIUM,17,"SAVANNAH, GA",2022,08,0,0,0,0,0,0,0,0,0,2022,08,3915100000
3915100000,KG,-,4633,GEORGIA,17,"SAVANNAH, GA",2022,08,0,0,0,0,0,0,0,0,0,2022,08,3915100000
3915100000,KG,-,4700,SPAIN,17,"SAVANNAH, GA",2022,08,1,15236,23720,0,0,23720,16937,23720,16937,2022,08,3915100000
3915100000,KG,-,4890,TURKEY,17,"SAVANNAH, GA",2022,08,1,16995,9738,0,0,9738,17082,9738,17082,2022,08,3915100000
3915100000,KG,-,4XXX,EUROPE,17,"SAVANNAH, GA",2022,08,2,32231,33458,0,0,33458,34019,33458,34019,2022,08,3915100000
3915100000,KG,-,5330,INDIA,17,"SAVANNAH, GA",2022,08,9,298959,254260,0,0,254260,305092,254260,305092,2022,08,3915100000
3915100000,KG,-,5350,PAKISTAN,17,"SAVANNAH, GA",2022,08,6,238411,123944,0,0,123944,238411,123944,238411,2022,08,3915100000
3915100000,KG,-,5490,THAILAND,17,"SAVANNAH, GA",2022,08,0,0,0,0,0,0,0,0,0,2022,08,3915100000
3915100000,KG,-,5520,VIETNAM,17,"SAVANNAH, GA",2022,08,1,16114,7867,0,0,7867,16630,7867,16630,2022,08,3915100000
3915100000,KG,-,5570,MALAYSIA,17,"SAVANNAH, GA",2022,08,2,55133,21323,0,0,21323,55133,21323,55133,2022,08,3915100000
3915100000,KG,-,5820,HONG KONG,17,"SAVANNAH, GA",2022,08,0,0,0,0,0,0,0,0,0,2022,08,3915100000
3915100000,KG,-,5880,JAPAN,17,"SAVANNAH, GA",2022,08,0,0,0,0,0,0,0,0,0,2022,08,3915100000
3915100000,KG,-,5XXX,ASIA,17,"SAVANNAH, GA",2022,08,18,608617,407394,0,0,407394,615266,407394,615266,2022,08,3915100000
3915100000,KG,-,0014,PACIFIC RIM COUNTRIES,18,"TAMPA, FL",2022,08,0,0,0,0,0,0,0,0,0,2022,08,3915100000
3915100000,KG,-,0026,APEC,18,"TAMPA, FL",2022,08,0,0,0,0,0,0,0,0,0,2022,08,3915100000
3915100000,KG,-,0027,ASEAN,18,"TAMPA, FL",2022,08,0,0,0,0,0,0,0,0,0,2022,08,3915100000
3915100000,KG,-,5330,INDIA,18,"TAMPA, FL",2022,08,0,0,0,0,0,0,0,0,0,2022,08,3915100000
3915100000,KG,-,5520,VIETNAM,18,"TAMPA, FL",2022,08,0,0,0,0,0,0,0,0,0,2022,08,3915100000
3915100000,KG,-,5570,MALAYSIA,18,"TAMPA, FL",2022,08,0,0,0,0,0,0,0,0,0,2022,08,3915100000
3915100000,KG,-,5600,INDONESIA,18,"TAMPA, FL",2022,08,0,0,0,0,0,0,0,0,0,2022,08,3915100000
3915100000,KG,-,5XXX,ASIA,18,"TAMPA, FL",2022,08,0,0,0,0,0,0,0,0,0,2022,08,3915100000
3915100000,KG,-,0014,PACIFIC RIM COUNTRIES,19,"MOBILE, AL",2022,08,0,0,0,0,0,0,0,0,0,2022,08,3915100000
3915100000,KG,-,0021,TWENTY LATIN AMERICAN REPUBLICS,19,"MOBILE, AL",2022,08,0,0,0,0,0,0,0,0,0,2022,08,3915100000
3915100000,KG,-,0024,LAFTA,19,"MOBILE, AL",2022,08,0,0,0,0,0,0,0,0,0,2022,08,3915100000
3915100000,KG,-,0026,APEC,19,"MOBILE, AL",2022,08,0,0,0,0,0,0,0,0,0,2022,08,3915100000
3915100000,KG,-,0027,ASEAN,19,"MOBILE, AL",2022,08,0,0,0,0,0,0,0,0,0,2022,08,3915100000
3915100000,KG,-,3330,PERU,19,"MOBILE, AL",2022,08,0,0,0,0,0,0,0,0,0,2022,08,3915100000
3915100000,KG,-,3XXX,SOUTH AMERICA,19,"MOBILE, AL",2022,08,0,0,0,0,0,0,0,0,0,2022,08,3915100000
3915100000,KG,-,5570,MALAYSIA,19,"MOBILE, AL",2022,08,0,0,0,0,0,0,0,0,0,2022,08,3915100000
3915100000,KG,-,5XXX,ASIA,19,"MOBILE, AL",2022,08,0,0,0,0,0,0,0,0,0,2022,08,3915100000
3915100000,KG,-,0014,PACIFIC RIM COUNTRIES,20,"NEW ORLEANS, LA",2022,08,0,0,0,0,0,0,0,0,0,2022,08,3915100000
3915100000,KG,-,0017,CAFTA-DR,20,"NEW ORLEANS, LA",2022,08,1,54021,7920,0,0,7920,54431,0,0,2022,08,3915100000
3915100000,KG,-,0020,NAFTA,20,"NEW ORLEANS, LA",2022,08,0,0,0,0,0,0,0,0,0,2022,08,3915100000
3915100000,KG,-,0021,TWENTY LATIN AMERICAN REPUBLICS,20,"NEW ORLEANS, LA",2022,08,1,54021,7920,0,0,7920,54431,0,0,2022,08,3915100000
3915100000,KG,-,0022,OECD,20,"NEW ORLEANS, LA",2022,08,0,0,0,0,0,0,0,0,0,2022,08,3915100000
3915100000,KG,-,0023,NATO,20,"NEW ORLEANS, LA",2022,08,0,0,0,0,0,0,0,0,0,2022,08,3915100000
3915100000,KG,-,0024,LAFTA,20,"NEW ORLEANS, LA",2022,08,0,0,0,0,0,0,0,0,0,2022,08,3915100000
3915100000,KG,-,0026,APEC,20,"NEW ORLEANS, LA",2022,08,0,0,0,0,0,0,0,0,0,2022,08,3915100000
3915100000,KG,-,0027,ASEAN,20,"NEW ORLEANS, LA",2022,08,0,0,0,0,0,0,0,0,0,2022,08,3915100000
3915100000,KG,-,0028,CACM,20,"NEW ORLEANS, LA",2022,08,1,54021,7920,0,0,7920,54431,0,0,2022,08,3915100000
3915100000,KG,-,1220,CANADA,20,"NEW ORLEANS, LA",2022,08,0,0,0,0,0,0,0,0,0,2022,08,3915100000
3915100000,KG,-,2XXX,CENTRAL AMERICA,20,"NEW ORLEANS, LA",2022,08,1,54021,7920,0,0,7920,54431,0,0,2022,08,3915100000
3915100000,KG,-,1XXX,NORTH AMERICA,20,"NEW ORLEANS, LA",2022,08,0,0,0,0,0,0,0,0,0,2022,08,3915100000
3915100000,KG,-,2110,EL SALVADOR,20,"NEW ORLEANS, LA",2022,08,0,0,0,0,0,0,0,0,0,2022,08,3915100000
3915100000,KG,-,2150,HONDURAS,20,"NEW ORLEANS, LA",2022,08,1,54021,7920,0,0,7920,54431,0,0,2022,08,3915100000
3915100000,KG,-,3310,ECUADOR,20,"NEW ORLEANS, LA",2022,08,0,0,0,0,0,0,0,0,0,2022,08,3915100000
3915100000,KG,-,3XXX,SOUTH AMERICA,20,"NEW ORLEANS, LA",2022,08,0,0,0,0,0,0,0,0,0,2022,08,3915100000
3915100000,KG,-,5570,MALAYSIA,20,"NEW ORLEANS, LA",2022,08,0,0,0,0,0,0,0,0,0,2022,08,3915100000
3915100000,KG,-,5XXX,ASIA,20,"NEW ORLEANS, LA",2022,08,0,0,0,0,0,0,0,0,0,2022,08,3915100000
3915100000,KG,-,0020,NAFTA,23,"LAREDO, TX",2022,08,13,165469,136991,0,0,0,0,0,0,2022,08,3915100000
3915100000,KG,-,0021,TWENTY LATIN AMERICAN REPUBLICS,23,"LAREDO, TX",2022,08,13,165469,136991,0,0,0,0,0,0,2022,08,3915100000
3915100000,KG,-,0022,OECD,23,"LAREDO, TX",2022,08,13,165469,136991,0,0,0,0,0,0,2022,08,3915100000
3915100000,KG,-,0024,LAFTA,23,"LAREDO, TX",2022,08,13,165469,136991,0,0,0,0,0,0,2022,08,3915100000
3915100000,KG,-,0026,APEC,23,"LAREDO, TX",2022,08,13,165469,136991,0,0,0,0,0,0,2022,08,3915100000
3915100000,KG,-,1XXX,NORTH AMERICA,23,"LAREDO, TX",2022,08,13,165469,136991,0,0,0,0,0,0,2022,08,3915100000
3915100000,KG,-,2010,MEXICO,23,"LAREDO, TX",2022,08,13,165469,136991,0,0,0,0,0,0,2022,08,3915100000
3915100000,KG,-,0020,NAFTA,24,"EL PASO, TX",2022,08,0,0,0,0,0,0,0,0,0,2022,08,3915100000
3915100000,KG,-,0021,TWENTY LATIN AMERICAN REPUBLICS,24,"EL PASO, TX",2022,08,0,0,0,0,0,0,0,0,0,2022,08,3915100000
3915100000,KG,-,0022,OECD,24,"EL PASO, TX",2022,08,0,0,0,0,0,0,0,0,0,2022,08,3915100000
3915100000,KG,-,0024,LAFTA,24,"EL PASO, TX",2022,08,0,0,0,0,0,0,0,0,0,2022,08,3915100000
3915100000,KG,-,0026,APEC,24,"EL PASO, TX",2022,08,0,0,0,0,0,0,0,0,0,2022,08,3915100000
3915100000,KG,-,1XXX,NORTH AMERICA,24,"EL PASO, TX",2022,08,0,0,0,0,0,0,0,0,0,2022,08,3915100000
3915100000,KG,-,2010,MEXICO,24,"EL PASO, TX",2022,08,0,0,0,0,0,0,0,0,0,2022,08,3915100000
3915100000,KG,-,0017,CAFTA-DR,25,"SAN DIEGO, CA",2022,08,6,200000,307950,0,0,307950,200000,307950,200000,2022,08,3915100000
3915100000,KG,-,0020,NAFTA,25,"SAN DIEGO, CA",2022,08,29,503179,177797,0,0,0,0,0,0,2022,08,3915100000
3915100000,KG,-,0021,TWENTY LATIN AMERICAN REPUBLICS,25,"SAN DIEGO, CA",2022,08,37,817179,625067,0,0,447270,314000,447270,314000,2022,08,3915100000
3915100000,KG,-,0022,OECD,25,"SAN DIEGO, CA",2022,08,29,503179,177797,0,0,0,0,0,0,2022,08,3915100000
3915100000,KG,-,0024,LAFTA,25,"SAN DIEGO, CA",2022,08,31,617179,317117,0,0,139320,114000,139320,114000,2022,08,3915100000
3915100000,KG,-,0026,APEC,25,"SAN DIEGO, CA",2022,08,29,503179,177797,0,0,0,0,0,0,2022,08,3915100000
3915100000,KG,-,0028,CACM,25,"SAN DIEGO, CA",2022,08,6,200000,307950,0,0,307950,200000,307950,200000,2022,08,3915100000
3915100000,KG,-,1XXX,NORTH AMERICA,25,"SAN DIEGO, CA",2022,08,29,503179,177797,0,0,0,0,0,0,2022,08,3915100000
3915100000,KG,-,2010,MEXICO,25,"SAN DIEGO, CA",2022,08,29,503179,177797,0,0,0,0,0,0,2022,08,3915100000
3915100000,KG,-,2050,GUATEMALA,25,"SAN DIEGO, CA",2022,08,2,40000,70950,0,0,70950,40000,70950,40000,2022,08,3915100000
3915100000,KG,-,2110,EL SALVADOR,25,"SAN DIEGO, CA",2022,08,4,160000,237000,0,0,237000,160000,237000,160000,2022,08,3915100000
3915100000,KG,-,2XXX,CENTRAL AMERICA,25,"SAN DIEGO, CA",2022,08,6,200000,307950,0,0,307950,200000,307950,200000,2022,08,3915100000
3915100000,KG,-,3310,ECUADOR,25,"SAN DIEGO, CA",2022,08,2,114000,139320,0,0,139320,114000,139320,114000,2022,08,3915100000
3915100000,KG,-,3XXX,SOUTH AMERICA,25,"SAN DIEGO, CA",2022,08,2,114000,139320,0,0,139320,114000,139320,114000,2022,08,3915100000
3915100000,KG,-,0020,NAFTA,26,"NOGALES, AZ",2022,08,10,194916,136098,0,0,0,0,0,0,2022,08,3915100000
3915100000,KG,-,0021,TWENTY LATIN AMERICAN REPUBLICS,26,"NOGALES, AZ",2022,08,10,194916,136098,0,0,0,0,0,0,2022,08,3915100000
3915100000,KG,-,0022,OECD,26,"NOGALES, AZ",2022,08,10,194916,136098,0,0,0,0,0,0,2022,08,3915100000
3915100000,KG,-,0024,LAFTA,26,"NOGALES, AZ",2022,08,10,194916,136098,0,0,0,0,0,0,2022,08,3915100000
3915100000,KG,-,0026,APEC,26,"NOGALES, AZ",2022,08,10,194916,136098,0,0,0,0,0,0,2022,08,3915100000
3915100000,KG,-,1XXX,NORTH AMERICA,26,"NOGALES, AZ",2022,08,10,194916,136098,0,0,0,0,0,0,2022,08,3915100000
3915100000,KG,-,2010,MEXICO,26,"NOGALES, AZ",2022,08,10,194916,136098,0,0,0,0,0,0,2022,08,3915100000
3915100000,KG,-,0003,EUROPEAN UNION,27,"LOS ANGELES, CA",2022,08,8,217054,139953,0,0,139953,217617,107713,197695,2022,08,3915100000
3915100000,KG,-,0014,PACIFIC RIM COUNTRIES,27,"LOS ANGELES, CA",2022,08,1,35120,27220,0,0,27220,37648,27220,37648,2022,08,3915100000
3915100000,KG,-,0017,CAFTA-DR,27,"LOS ANGELES, CA",2022,08,1,40000,23400,0,0,23400,40000,23400,40000,2022,08,3915100000
3915100000,KG,-,0021,TWENTY LATIN AMERICAN REPUBLICS,27,"LOS ANGELES, CA",2022,08,1,40000,23400,0,0,23400,40000,23400,40000,2022,08,3915100000
3915100000,KG,-,0022,OECD,27,"LOS ANGELES, CA",2022,08,2,32804,49953,0,0,49953,33367,17713,13445,2022,08,3915100000
3915100000,KG,-,0023,NATO,27,"LOS ANGELES, CA",2022,08,8,217054,139953,0,0,139953,217617,107713,197695,2022,08,3915100000
3915100000,KG,-,0024,LAFTA,27,"LOS ANGELES, CA",2022,08,0,0,0,0,0,0,0,0,0,2022,08,3915100000
3915100000,KG,-,0025,EURO AREA,27,"LOS ANGELES, CA",2022,08,8,217054,139953,0,0,139953,217617,107713,197695,2022,08,3915100000
3915100000,KG,-,0026,APEC,27,"LOS ANGELES, CA",2022,08,3,136265,42220,0,0,42220,138793,42220,138793,2022,08,3915100000
3915100000,KG,-,0027,ASEAN,27,"LOS ANGELES, CA",2022,08,3,136265,42220,0,0,42220,138793,42220,138793,2022,08,3915100000
3915100000,KG,-,0028,CACM,27,"LOS ANGELES, CA",2022,08,0,0,0,0,0,0,0,0,0,2022,08,3915100000
3915100000,KG,-,2110,EL SALVADOR,27,"LOS ANGELES, CA",2022,08,0,0,0,0,0,0,0,0,0,2022,08,3915100000
3915100000,KG,-,2470,DOMINICAN REPUBLIC,27,"LOS ANGELES, CA",2022,08,1,40000,23400,0,0,23400,40000,23400,40000,2022,08,3915100000
3915100000,KG,-,2XXX,CENTRAL AMERICA,27,"LOS ANGELES, CA",2022,08,1,40000,23400,0,0,23400,40000,23400,40000,2022,08,3915100000
3915100000,KG,-,3010,COLOMBIA,27,"LOS ANGELES, CA",2022,08,0,0,0,0,0,0,0,0,0,2022,08,3915100000
3915100000,KG,-,3XXX,SOUTH AMERICA,27,"LOS ANGELES, CA",2022,08,0,0,0,0,0,0,0,0,0,2022,08,3915100000
3915100000,KG,-,4510,LITHUANIA,27,"LOS ANGELES, CA",2022,08,0,0,0,0,0,0,0,0,0,2022,08,3915100000
3915100000,KG,-,4210,NETHERLANDS,27,"LOS ANGELES, CA",2022,08,1,12882,17713,0,0,17713,13445,17713,13445,2022,08,3915100000
3915100000,KG,-,4279,FRANCE,27,"LOS ANGELES, CA",2022,08,1,19922,32240,0,0,32240,19922,0,0,2022,08,3915100000
3915100000,KG,-,4490,LATVIA,27,"LOS ANGELES, CA",2022,08,6,184250,90000,0,0,90000,184250,90000,184250,2022,08,3915100000
3915100000,KG,-,4700,SPAIN,27,"LOS ANGELES, CA",2022,08,0,0,0,0,0,0,0,0,0,2022,08,3915100000
3915100000,KG,-,4890,TURKEY,27,"LOS ANGELES, CA",2022,08,0,0,0,0,0,0,0,0,0,2022,08,3915100000
3915100000,KG,-,4XXX,EUROPE,27,"LOS ANGELES, CA",2022,08,8,217054,139953,0,0,139953,217617,107713,197695,2022,08,3915100000
3915100000,KG,-,5330,INDIA,27,"LOS ANGELES, CA",2022,08,1,14360,6000,0,0,6000,14360,6000,14360,2022,08,3915100000
3915100000,KG,-,5490,THAILAND,27,"LOS ANGELES, CA",2022,08,1,5000,5000,0,0,5000,5000,5000,5000,2022,08,3915100000
3915100000,KG,-,5520,VIETNAM,27,"LOS ANGELES, CA",2022,08,1,96145,10000,0,0,10000,96145,10000,96145,2022,08,3915100000
3915100000,KG,-,5570,MALAYSIA,27,"LOS ANGELES, CA",2022,08,1,35120,27220,0,0,27220,37648,27220,37648,2022,08,3915100000
3915100000,KG,-,5600,INDONESIA,27,"LOS ANGELES, CA",2022,08,0,0,0,0,0,0,0,0,0,2022,08,3915100000
3915100000,KG,-,5700,CHINA,27,"LOS ANGELES, CA",2022,08,0,0,0,0,0,0,0,0,0,2022,08,3915100000
3915100000,KG,-,5820,HONG KONG,27,"LOS ANGELES, CA",2022,08,0,0,0,0,0,0,0,0,0,2022,08,3915100000
3915100000,KG,-,5830,TAIWAN,27,"LOS ANGELES, CA",2022,08,0,0,0,0,0,0,0,0,0,2022,08,3915100000
3915100000,KG,-,5XXX,ASIA,27,"LOS ANGELES, CA",2022,08,4,150625,48220,0,0,48220,153153,48220,153153,2022,08,3915100000
3915100000,KG,-,0003,EUROPEAN UNION,28,"SAN FRANCISCO, CA",2022,08,0,0,0,0,0,0,0,0,0,2022,08,3915100000
3915100000,KG,-,0014,PACIFIC RIM COUNTRIES,28,"SAN FRANCISCO, CA",2022,08,2,41740,16697,0,0,16697,49066,0,0,2022,08,3915100000
3915100000,KG,-,0021,TWENTY LATIN AMERICAN REPUBLICS,28,"SAN FRANCISCO, CA",2022,08,2,196367,21602,0,0,21602,196367,21602,196367,2022,08,3915100000
3915100000,KG,-,0022,OECD,28,"SAN FRANCISCO, CA",2022,08,0,0,0,0,0,0,0,0,0,2022,08,3915100000
3915100000,KG,-,0023,NATO,28,"SAN FRANCISCO, CA",2022,08,0,0,0,0,0,0,0,0,0,2022,08,3915100000
3915100000,KG,-,0024,LAFTA,28,"SAN FRANCISCO, CA",2022,08,2,196367,21602,0,0,21602,196367,21602,196367,2022,08,3915100000
3915100000,KG,-,0025,EURO AREA,28,"SAN FRANCISCO, CA",2022,08,0,0,0,0,0,0,0,0,0,2022,08,3915100000
3915100000,KG,-,0026,APEC,28,"SAN FRANCISCO, CA",2022,08,5,261740,36697,0,0,36697,269066,20000,220000,2022,08,3915100000
3915100000,KG,-,0027,ASEAN,28,"SAN FRANCISCO, CA",2022,08,5,261740,36697,0,0,36697,269066,20000,220000,2022,08,3915100000
3915100000,KG,-,3310,ECUADOR,28,"SAN FRANCISCO, CA",2022,08,2,196367,21602,0,0,21602,196367,21602,196367,2022,08,3915100000
3915100000,KG,-,3XXX,SOUTH AMERICA,28,"SAN FRANCISCO, CA",2022,08,2,196367,21602,0,0,21602,196367,21602,196367,2022,08,3915100000
3915100000,KG,-,4210,NETHERLANDS,28,"SAN FRANCISCO, CA",2022,08,0,0,0,0,0,0,0,0,0,2022,08,3915100000
3915100000,KG,-,4700,SPAIN,28,"SAN FRANCISCO, CA",2022,08,0,0,0,0,0,0,0,0,0,2022,08,3915100000
3915100000,KG,-,4XXX,EUROPE,28,"SAN FRANCISCO, CA",2022,08,0,0,0,0,0,0,0,0,0,2022,08,3915100000
3915100000,KG,-,5330,INDIA,28,"SAN FRANCISCO, CA",2022,08,0,0,0,0,0,0,0,0,0,2022,08,3915100000
3915100000,KG,-,5520,VIETNAM,28,"SAN FRANCISCO, CA",2022,08,3,220000,20000,0,0,20000,220000,20000,220000,2022,08,3915100000
3915100000,KG,-,5570,MALAYSIA,28,"SAN FRANCISCO, CA",2022,08,0,0,0,0,0,0,0,0,0,2022,08,3915100000
3915100000,KG,-,5600,INDONESIA,28,"SAN FRANCISCO, CA",2022,08,2,41740,16697,0,0,16697,49066,0,0,2022,08,3915100000
3915100000,KG,-,5820,HONG KONG,28,"SAN FRANCISCO, CA",2022,08,0,0,0,0,0,0,0,0,0,2022,08,3915100000
3915100000,KG,-,5830,TAIWAN,28,"SAN FRANCISCO, CA",2022,08,0,0,0,0,0,0,0,0,0,2022,08,3915100000
3915100000,KG,-,5XXX,ASIA,28,"SAN FRANCISCO, CA",2022,08,5,261740,36697,0,0,36697,269066,20000,220000,2022,08,3915100000
3915100000,KG,-,7490,GHANA,28,"SAN FRANCISCO, CA",2022,08,0,0,0,0,0,0,0,0,0,2022,08,3915100000
3915100000,KG,-,7XXX,AFRICA,28,"SAN FRANCISCO, CA",2022,08,0,0,0,0,0,0,0,0,0,2022,08,3915100000
3915100000,KG,-,0003,EUROPEAN UNION,30,"SEATTLE, WA",2022,08,1,19909,125000,0,0,125000,19909,0,0,2022,08,3915100000
3915100000,KG,-,0014,PACIFIC RIM COUNTRIES,30,"SEATTLE, WA",2022,08,1,33494,14760,0,0,14760,33494,14760,33494,2022,08,3915100000
3915100000,KG,-,0020,NAFTA,30,"SEATTLE, WA",2022,08,32,712692,305106,0,0,0,0,0,0,2022,08,3915100000
3915100000,KG,-,0022,OECD,30,"SEATTLE, WA",2022,08,33,732601,430106,0,0,125000,19909,0,0,2022,08,3915100000
3915100000,KG,-,0023,NATO,30,"SEATTLE, WA",2022,08,33,732601,430106,0,0,125000,19909,0,0,2022,08,3915100000
3915100000,KG,-,0025,EURO AREA,30,"SEATTLE, WA",2022,08,1,19909,125000,0,0,125000,19909,0,0,2022,08,3915100000
3915100000,KG,-,0026,APEC,30,"SEATTLE, WA",2022,08,33,746186,319866,0,0,14760,33494,14760,33494,2022,08,3915100000
3915100000,KG,-,0027,ASEAN,30,"SEATTLE, WA",2022,08,1,33494,14760,0,0,14760,33494,14760,33494,2022,08,3915100000
3915100000,KG,-,1220,CANADA,30,"SEATTLE, WA",2022,08,32,712692,305106,0,0,0,0,0,0,2022,08,3915100000
3915100000,KG,-,1XXX,NORTH AMERICA,30,"SEATTLE, WA",2022,08,32,712692,305106,0,0,0,0,0,0,2022,08,3915100000
3915100000,KG,-,4231,BELGIUM,30,"SEATTLE, WA",2022,08,1,19909,125000,0,0,125000,19909,0,0,2022,08,3915100000
3915100000,KG,-,4XXX,EUROPE,30,"SEATTLE, WA",2022,08,1,19909,125000,0,0,125000,19909,0,0,2022,08,3915100000
3915100000,KG,-,5490,THAILAND,30,"SEATTLE, WA",2022,08,0,0,0,0,0,0,0,0,0,2022,08,3915100000
3915100000,KG,-,5520,VIETNAM,30,"SEATTLE, WA",2022,08,0,0,0,0,0,0,0,0,0,2022,08,3915100000
3915100000,KG,-,5570,MALAYSIA,30,"SEATTLE, WA",2022,08,1,33494,14760,0,0,14760,33494,14760,33494,2022,08,3915100000
3915100000,KG,-,5XXX,ASIA,30,"SEATTLE, WA",2022,08,1,33494,14760,0,0,14760,33494,14760,33494,2022,08,3915100000
3915100000,KG,-,0014,PACIFIC RIM COUNTRIES,32,"HONOLULU, HI",2022,08,0,0,0,0,0,0,0,0,0,2022,08,3915100000
3915100000,KG,-,0026,APEC,32,"HONOLULU, HI",2022,08,0,0,0,0,0,0,0,0,0,2022,08,3915100000
3915100000,KG,-,5XXX,ASIA,32,"HONOLULU, HI",2022,08,0,0,0,0,0,0,0,0,0,2022,08,3915100000
3915100000,KG,-,0027,ASEAN,32,"HONOLULU, HI",2022,08,0,0,0,0,0,0,0,0,0,2022,08,3915100000
3915100000,KG,-,5570,MALAYSIA,32,"HONOLULU, HI",2022,08,0,0,0,0,0,0,0,0,0,2022,08,3915100000
3915100000,KG,-,5600,INDONESIA,32,"HONOLULU, HI",2022,08,0,0,0,0,0,0,0,0,0,2022,08,3915100000
3915100000,KG,-,0020,NAFTA,33,"GREAT FALLS, MT",2022,08,0,0,0,0,0,0,0,0,0,2022,08,3915100000
3915100000,KG,-,0022,OECD,33,"GREAT FALLS, MT",2022,08,0,0,0,0,0,0,0,0,0,2022,08,3915100000
3915100000,KG,-,0023,NATO,33,"GREAT FALLS, MT",2022,08,0,0,0,0,0,0,0,0,0,2022,08,3915100000
3915100000,KG,-,0026,APEC,33,"GREAT FALLS, MT",2022,08,0,0,0,0,0,0,0,0,0,2022,08,3915100000
3915100000,KG,-,1220,CANADA,33,"GREAT FALLS, MT",2022,08,0,0,0,0,0,0,0,0,0,2022,08,3915100000
3915100000,KG,-,1XXX,NORTH AMERICA,33,"GREAT FALLS, MT",2022,08,0,0,0,0,0,0,0,0,0,2022,08,3915100000
3915100000,KG,-,0020,NAFTA,34,"PEMBINA, ND",2022,08,0,0,0,0,0,0,0,0,0,2022,08,3915100000
3915100000,KG,-,0022,OECD,34,"PEMBINA, ND",2022,08,0,0,0,0,0,0,0,0,0,2022,08,3915100000
3915100000,KG,-,0023,NATO,34,"PEMBINA, ND",2022,08,0,0,0,0,0,0,0,0,0,2022,08,3915100000
3915100000,KG,-,0026,APEC,34,"PEMBINA, ND",2022,08,3,92704,16046,0,0,0,0,0,0,2022,08,3915100000
3915100000,KG,-,0027,ASEAN,34,"PEMBINA, ND",2022,08,3,92704,16046,0,0,0,0,0,0,2022,08,3915100000
3915100000,KG,-,1220,CANADA,34,"PEMBINA, ND",2022,08,0,0,0,0,0,0,0,0,0,2022,08,3915100000
3915100000,KG,-,1XXX,NORTH AMERICA,34,"PEMBINA, ND",2022,08,0,0,0,0,0,0,0,0,0,2022,08,3915100000
3915100000,KG,-,5520,VIETNAM,34,"PEMBINA, ND",2022,08,3,92704,16046,0,0,0,0,0,0,2022,08,3915100000
3915100000,KG,-,5XXX,ASIA,34,"PEMBINA, ND",2022,08,3,92704,16046,0,0,0,0,0,0,2022,08,3915100000
3915100000,KG,-,0003,EUROPEAN UNION,38,"DETROIT, MI",2022,08,0,0,0,0,0,0,0,0,0,2022,08,3915100000
3915100000,KG,-,0020,NAFTA,38,"DETROIT, MI",2022,08,23,432326,317611,0,0,0,0,0,0,2022,08,3915100000
3915100000,KG,-,0022,OECD,38,"DETROIT, MI",2022,08,23,432326,317611,0,0,0,0,0,0,2022,08,3915100000
3915100000,KG,-,0023,NATO,38,"DETROIT, MI",2022,08,23,432326,317611,0,0,0,0,0,0,2022,08,3915100000
3915100000,KG,-,0025,EURO AREA,38,"DETROIT, MI",2022,08,0,0,0,0,0,0,0,0,0,2022,08,3915100000
3915100000,KG,-,0026,APEC,38,"DETROIT, MI",2022,08,23,432326,317611,0,0,0,0,0,0,2022,08,3915100000
3915100000,KG,-,1220,CANADA,38,"DETROIT, MI",2022,08,23,432326,317611,0,0,0,0,0,0,2022,08,3915100000
3915100000,KG,-,1XXX,NORTH AMERICA,38,"DETROIT, MI",2022,08,23,432326,317611,0,0,0,0,0,0,2022,08,3915100000
3915100000,KG,-,4700,SPAIN,38,"DETROIT, MI",2022,08,0,0,0,0,0,0,0,0,0,2022,08,3915100000
3915100000,KG,-,4890,TURKEY,38,"DETROIT, MI",2022,08,0,0,0,0,0,0,0,0,0,2022,08,3915100000
3915100000,KG,-,4XXX,EUROPE,38,"DETROIT, MI",2022,08,0,0,0,0,0,0,0,0,0,2022,08,3915100000
3915100000,KG,-,5350,PAKISTAN,38,"DETROIT, MI",2022,08,1,18536,5000,0,0,5000,18536,5000,18536,2022,08,3915100000
3915100000,KG,-,5XXX,ASIA,38,"DETROIT, MI",2022,08,1,18536,5000,0,0,5000,18536,5000,18536,2022,08,3915100000
3915100000,KG,-,0003,EUROPEAN UNION,39,"CHICAGO, IL",2022,08,0,0,0,0,0,0,0,0,0,2022,08,3915100000
3915100000,KG,-,0014,PACIFIC RIM COUNTRIES,39,"CHICAGO, IL",2022,08,0,0,0,0,0,0,0,0,0,2022,08,3915100000
3915100000,KG,-,0017,CAFTA-DR,39,"CHICAGO, IL",2022,08,0,0,0,0,0,0,0,0,0,2022,08,3915100000
3915100000,KG,-,0021,TWENTY LATIN AMERICAN REPUBLICS,39,"CHICAGO, IL",2022,08,0,0,0,0,0,0,0,0,0,2022,08,3915100000
3915100000,KG,-,0022,OECD,39,"CHICAGO, IL",2022,08,0,0,0,0,0,0,0,0,0,2022,08,3915100000
3915100000,KG,-,0023,NATO,39,"CHICAGO, IL",2022,08,0,0,0,0,0,0,0,0,0,2022,08,3915100000
3915100000,KG,-,0025,EURO AREA,39,"CHICAGO, IL",2022,08,0,0,0,0,0,0,0,0,0,2022,08,3915100000
3915100000,KG,-,0026,APEC,39,"CHICAGO, IL",2022,08,0,0,0,0,0,0,0,0,0,2022,08,3915100000
3915100000,KG,-,0027,ASEAN,39,"CHICAGO, IL",2022,08,0,0,0,0,0,0,0,0,0,2022,08,3915100000
3915100000,KG,-,0028,CACM,39,"CHICAGO, IL",2022,08,0,0,0,0,0,0,0,0,0,2022,08,3915100000
3915100000,KG,-,2110,EL SALVADOR,39,"CHICAGO, IL",2022,08,0,0,0,0,0,0,0,0,0,2022,08,3915100000
3915100000,KG,-,2XXX,CENTRAL AMERICA,39,"CHICAGO, IL",2022,08,0,0,0,0,0,0,0,0,0,2022,08,3915100000
3915100000,KG,-,4210,NETHERLANDS,39,"CHICAGO, IL",2022,08,0,0,0,0,0,0,0,0,0,2022,08,3915100000
3915100000,KG,-,4XXX,EUROPE,39,"CHICAGO, IL",2022,08,0,0,0,0,0,0,0,0,0,2022,08,3915100000
3915100000,KG,-,5330,INDIA,39,"CHICAGO, IL",2022,08,0,0,0,0,0,0,0,0,0,2022,08,3915100000
3915100000,KG,-,5350,PAKISTAN,39,"CHICAGO, IL",2022,08,0,0,0,0,0,0,0,0,0,2022,08,3915100000
3915100000,KG,-,5520,VIETNAM,39,"CHICAGO, IL",2022,08,0,0,0,0,0,0,0,0,0,2022,08,3915100000
3915100000,KG,-,5700,CHINA,39,"CHICAGO, IL",2022,08,0,0,0,0,0,0,0,0,0,2022,08,3915100000
3915100000,KG,-,5XXX,ASIA,39,"CHICAGO, IL",2022,08,0,0,0,0,0,0,0,0,0,2022,08,3915100000
3915100000,KG,-,0020,NAFTA,41,"CLEVELAND, OH",2022,08,0,0,0,0,0,0,0,0,0,2022,08,3915100000
3915100000,KG,-,0021,TWENTY LATIN AMERICAN REPUBLICS,41,"CLEVELAND, OH",2022,08,0,0,0,0,0,0,0,0,0,2022,08,3915100000
3915100000,KG,-,0022,OECD,41,"CLEVELAND, OH",2022,08,0,0,0,0,0,0,0,0,0,2022,08,3915100000
3915100000,KG,-,0024,LAFTA,41,"CLEVELAND, OH",2022,08,0,0,0,0,0,0,0,0,0,2022,08,3915100000
3915100000,KG,-,0026,APEC,41,"CLEVELAND, OH",2022,08,0,0,0,0,0,0,0,0,0,2022,08,3915100000
3915100000,KG,-,1XXX,NORTH AMERICA,41,"CLEVELAND, OH",2022,08,0,0,0,0,0,0,0,0,0,2022,08,3915100000
3915100000,KG,-,2010,MEXICO,41,"CLEVELAND, OH",2022,08,0,0,0,0,0,0,0,0,0,2022,08,3915100000
3915100000,KG,-,0003,EUROPEAN UNION,49,"SAN JUAN, PR",2022,08,1,24104,22005,0,0,22005,24875,22005,24875,2022,08,3915100000
3915100000,KG,-,0014,PACIFIC RIM COUNTRIES,49,"SAN JUAN, PR",2022,08,0,0,0,0,0,0,0,0,0,2022,08,3915100000
3915100000,KG,-,0017,CAFTA-DR,49,"SAN JUAN, PR",2022,08,1,17798,980925,0,0,980925,17798,980925,17798,2022,08,3915100000
3915100000,KG,-,0021,TWENTY LATIN AMERICAN REPUBLICS,49,"SAN JUAN, PR",2022,08,1,17798,980925,0,0,980925,17798,980925,17798,2022,08,3915100000
3915100000,KG,-,0022,OECD,49,"SAN JUAN, PR",2022,08,0,0,0,0,0,0,0,0,0,2022,08,3915100000
3915100000,KG,-,0026,APEC,49,"SAN JUAN, PR",2022,08,0,0,0,0,0,0,0,0,0,2022,08,3915100000
3915100000,KG,-,0023,NATO,49,"SAN JUAN, PR",2022,08,1,24104,22005,0,0,22005,24875,22005,24875,2022,08,3915100000
3915100000,KG,-,0024,LAFTA,49,"SAN JUAN, PR",2022,08,0,0,0,0,0,0,0,0,0,2022,08,3915100000
3915100000,KG,-,0025,EURO AREA,49,"SAN JUAN, PR",2022,08,1,24104,22005,0,0,22005,24875,22005,24875,2022,08,3915100000
3915100000,KG,-,0028,CACM,49,"SAN JUAN, PR",2022,08,1,17798,980925,0,0,980925,17798,980925,17798,2022,08,3915100000
3915100000,KG,-,2110,EL SALVADOR,49,"SAN JUAN, PR",2022,08,0,0,0,0,0,0,0,0,0,2022,08,3915100000
3915100000,KG,-,2150,HONDURAS,49,"SAN JUAN, PR",2022,08,0,0,0,0,0,0,0,0,0,2022,08,3915100000
3915100000,KG,-,2230,COSTA RICA,49,"SAN JUAN, PR",2022,08,1,17798,980925,0,0,980925,17798,980925,17798,2022,08,3915100000
3915100000,KG,-,2470,DOMINICAN REPUBLIC,49,"SAN JUAN, PR",2022,08,0,0,0,0,0,0,0,0,0,2022,08,3915100000
3915100000,KG,-,2XXX,CENTRAL AMERICA,49,"SAN JUAN, PR",2022,08,1,17798,980925,0,0,980925,17798,980925,17798,2022,08,3915100000
3915100000,KG,-,3010,COLOMBIA,49,"SAN JUAN, PR",2022,08,0,0,0,0,0,0,0,0,0,2022,08,3915100000
3915100000,KG,-,3310,ECUADOR,49,"SAN JUAN, PR",2022,08,0,0,0,0,0,0,0,0,0,2022,08,3915100000
3915100000,KG,-,3XXX,SOUTH AMERICA,49,"SAN JUAN, PR",2022,08,0,0,0,0,0,0,0,0,0,2022,08,3915100000
3915100000,KG,-,4490,LATVIA,49,"SAN JUAN, PR",2022,08,1,24104,22005,0,0,22005,24875,22005,24875,2022,08,3915100000
3915100000,KG,-,4510,LITHUANIA,49,"SAN JUAN, PR",2022,08,0,0,0,0,0,0,0,0,0,2022,08,3915100000
3915100000,KG,-,4700,SPAIN,49,"SAN JUAN, PR",2022,08,0,0,0,0,0,0,0,0,0,2022,08,3915100000
3915100000,KG,-,4XXX,EUROPE,49,"SAN JUAN, PR",2022,08,1,24104,22005,0,0,22005,24875,22005,24875,2022,08,3915100000
3915100000,KG,-,5800,"KOREA, SOUTH",49,"SAN JUAN, PR",2022,08,0,0,0,0,0,0,0,0,0,2022,08,3915100000
3915100000,KG,-,5XXX,ASIA,49,"SAN JUAN, PR",2022,08,0,0,0,0,0,0,0,0,0,2022,08,3915100000
3915100000,KG,-,0003,EUROPEAN UNION,52,"MIAMI, FL",2022,08,0,0,0,0,0,0,0,0,0,2022,08,3915100000
3915100000,KG,-,0014,PACIFIC RIM COUNTRIES,52,"MIAMI, FL",2022,08,0,0,0,0,0,0,0,0,0,2022,08,3915100000
3915100000,KG,-,0017,CAFTA-DR,52,"MIAMI, FL",2022,08,0,0,0,0,0,0,0,0,0,2022,08,3915100000
3915100000,KG,-,0021,TWENTY LATIN AMERICAN REPUBLICS,52,"MIAMI, FL",2022,08,1,20000,16360,0,0,16360,20000,16360,20000,2022,08,3915100000
3915100000,KG,-,0022,OECD,52,"MIAMI, FL",2022,08,0,0,0,0,0,0,0,0,0,2022,08,3915100000
3915100000,KG,-,0023,NATO,52,"MIAMI, FL",2022,08,0,0,0,0,0,0,0,0,0,2022,08,3915100000
3915100000,KG,-,0024,LAFTA,52,"MIAMI, FL",2022,08,1,20000,16360,0,0,16360,20000,16360,20000,2022,08,3915100000
3915100000,KG,-,0025,EURO AREA,52,"MIAMI, FL",2022,08,0,0,0,0,0,0,0,0,0,2022,08,3915100000
3915100000,KG,-,0026,APEC,52,"MIAMI, FL",2022,08,0,0,0,0,0,0,0,0,0,2022,08,3915100000
3915100000,KG,-,0027,ASEAN,52,"MIAMI, FL",2022,08,0,0,0,0,0,0,0,0,0,2022,08,3915100000
3915100000,KG,-,0028,CACM,52,"MIAMI, FL",2022,08,0,0,0,0,0,0,0,0,0,2022,08,3915100000
3915100000,KG,-,2150,HONDURAS,52,"MIAMI, FL",2022,08,0,0,0,0,0,0,0,0,0,2022,08,3915100000
3915100000,KG,-,2470,DOMINICAN REPUBLIC,52,"MIAMI, FL",2022,08,0,0,0,0,0,0,0,0,0,2022,08,3915100000
3915100000,KG,-,2XXX,CENTRAL AMERICA,52,"MIAMI, FL",2022,08,0,0,0,0,0,0,0,0,0,2022,08,3915100000
3915100000,KG,-,3010,COLOMBIA,52,"MIAMI, FL",2022,08,0,0,0,0,0,0,0,0,0,2022,08,3915100000
3915100000,KG,-,3310,ECUADOR,52,"MIAMI, FL",2022,08,1,20000,16360,0,0,16360,20000,16360,20000,2022,08,3915100000
3915100000,KG,-,3330,PERU,52,"MIAMI, FL",2022,08,0,0,0,0,0,0,0,0,0,2022,08,3915100000
3915100000,KG,-,3370,CHILE,52,"MIAMI, FL",2022,08,0,0,0,0,0,0,0,0,0,2022,08,3915100000
3915100000,KG,-,3XXX,SOUTH AMERICA,52,"MIAMI, FL",2022,08,1,20000,16360,0,0,16360,20000,16360,20000,2022,08,3915100000
3915100000,KG,-,4700,SPAIN,52,"MIAMI, FL",2022,08,0,0,0,0,0,0,0,0,0,2022,08,3915100000
3915100000,KG,-,4XXX,EUROPE,52,"MIAMI, FL",2022,08,0,0,0,0,0,0,0,0,0,2022,08,3915100000
3915100000,KG,-,5490,THAILAND,52,"MIAMI, FL",2022,08,0,0,0,0,0,0,0,0,0,2022,08,3915100000
3915100000,KG,-,5520,VIETNAM,52,"MIAMI, FL",2022,08,0,0,0,0,0,0,0,0,0,2022,08,3915100000
3915100000,KG,-,5570,MALAYSIA,52,"MIAMI, FL",2022,08,0,0,0,0,0,0,0,0,0,2022,08,3915100000
3915100000,KG,-,5600,INDONESIA,52,"MIAMI, FL",2022,08,0,0,0,0,0,0,0,0,0,2022,08,3915100000
3915100000,KG,-,5XXX,ASIA,52,"MIAMI, FL",2022,08,0,0,0,0,0,0,0,0,0,2022,08,3915100000
3915100000,KG,-,0003,EUROPEAN UNION,53,"HOUSTON-GALVESTON, TX",2022,08,2,58779,75804,0,0,75804,63033,75804,63033,2022,08,3915100000
3915100000,KG,-,0014,PACIFIC RIM COUNTRIES,53,"HOUSTON-GALVESTON, TX",2022,08,2,77907,47273,0,0,47273,79106,47273,79106,2022,08,3915100000
3915100000,KG,-,0017,CAFTA-DR,53,"HOUSTON-GALVESTON, TX",2022,08,14,267616,255502,0,0,255502,277410,255502,277410,2022,08,3915100000
3915100000,KG,-,0021,TWENTY LATIN AMERICAN REPUBLICS,53,"HOUSTON-GALVESTON, TX",2022,08,14,267616,255502,0,0,255502,277410,255502,277410,2022,08,3915100000
3915100000,KG,-,0022,OECD,53,"HOUSTON-GALVESTON, TX",2022,08,2,58779,75804,0,0,75804,63033,75804,63033,2022,08,3915100000
3915100000,KG,-,0023,NATO,53,"HOUSTON-GALVESTON, TX",2022,08,2,58779,75804,0,0,75804,63033,75804,63033,2022,08,3915100000
3915100000,KG,-,0024,LAFTA,53,"HOUSTON-GALVESTON, TX",2022,08,0,0,0,0,0,0,0,0,0,2022,08,3915100000
3915100000,KG,-,0025,EURO AREA,53,"HOUSTON-GALVESTON, TX",2022,08,2,58779,75804,0,0,75804,63033,75804,63033,2022,08,3915100000
3915100000,KG,-,0026,APEC,53,"HOUSTON-GALVESTON, TX",2022,08,2,77907,47273,0,0,47273,79106,47273,79106,2022,08,3915100000
3915100000,KG,-,0027,ASEAN,53,"HOUSTON-GALVESTON, TX",2022,08,1,17907,17273,0,0,17273,19106,17273,19106,2022,08,3915100000
3915100000,KG,-,0028,CACM,53,"HOUSTON-GALVESTON, TX",2022,08,14,267616,255502,0,0,255502,277410,255502,277410,2022,08,3915100000
3915100000,KG,-,2050,GUATEMALA,53,"HOUSTON-GALVESTON, TX",2022,08,14,267616,255502,0,0,255502,277410,255502,277410,2022,08,3915100000
3915100000,KG,-,2190,NICARAGUA,53,"HOUSTON-GALVESTON, TX",2022,08,0,0,0,0,0,0,0,0,0,2022,08,3915100000
3915100000,KG,-,2080,BELIZE,53,"HOUSTON-GALVESTON, TX",2022,08,1,20000,39600,0,0,39600,20000,39600,20000,2022,08,3915100000
3915100000,KG,-,2110,EL SALVADOR,53,"HOUSTON-GALVESTON, TX",2022,08,0,0,0,0,0,0,0,0,0,2022,08,3915100000
3915100000,KG,-,2150,HONDURAS,53,"HOUSTON-GALVESTON, TX",2022,08,0,0,0,0,0,0,0,0,0,2022,08,3915100000
3915100000,KG,-,2470,DOMINICAN REPUBLIC,53,"HOUSTON-GALVESTON, TX",2022,08,0,0,0,0,0,0,0,0,0,2022,08,3915100000
3915100000,KG,-,2XXX,CENTRAL AMERICA,53,"HOUSTON-GALVESTON, TX",2022,08,15,287616,295102,0,0,295102,297410,295102,297410,2022,08,3915100000
3915100000,KG,-,3010,COLOMBIA,53,"HOUSTON-GALVESTON, TX",2022,08,0,0,0,0,0,0,0,0,0,2022,08,3915100000
3915100000,KG,-,3310,ECUADOR,53,"HOUSTON-GALVESTON, TX",2022,08,0,0,0,0,0,0,0,0,0,2022,08,3915100000
3915100000,KG,-,3330,PERU,53,"HOUSTON-GALVESTON, TX",2022,08,0,0,0,0,0,0,0,0,0,2022,08,3915100000
3915100000,KG,-,3370,CHILE,53,"HOUSTON-GALVESTON, TX",2022,08,0,0,0,0,0,0,0,0,0,2022,08,3915100000
3915100000,KG,-,3510,BRAZIL,53,"HOUSTON-GALVESTON, TX",2022,08,0,0,0,0,0,0,0,0,0,2022,08,3915100000
3915100000,KG,-,3XXX,SOUTH AMERICA,53,"HOUSTON-GALVESTON, TX",2022,08,0,0,0,0,0,0,0,0,0,2022,08,3915100000
3915100000,KG,-,4210,NETHERLANDS,53,"HOUSTON-GALVESTON, TX",2022,08,0,0,0,0,0,0,0,0,0,2022,08,3915100000
3915100000,KG,-,4231,BELGIUM,53,"HOUSTON-GALVESTON, TX",2022,08,0,0,0,0,0,0,0,0,0,2022,08,3915100000
3915100000,KG,-,4490,LATVIA,53,"HOUSTON-GALVESTON, TX",2022,08,0,0,0,0,0,0,0,0,0,2022,08,3915100000
3915100000,KG,-,4700,SPAIN,53,"HOUSTON-GALVESTON, TX",2022,08,2,58779,75804,0,0,75804,63033,75804,63033,2022,08,3915100000
3915100000,KG,-,4XXX,EUROPE,53,"HOUSTON-GALVESTON, TX",2022,08,2,58779,75804,0,0,75804,63033,75804,63033,2022,08,3915100000
3915100000,KG,-,5170,SAUDI ARABIA,53,"HOUSTON-GALVESTON, TX",2022,08,1,254,4331,4331,286,0,0,0,0,2022,08,3915100000
3915100000,KG,-,5230,OMAN,53,"HOUSTON-GALVESTON, TX",2022,08,0,0,0,0,0,0,0,0,0,2022,08,3915100000
3915100000,KG,-,5330,INDIA,53,"HOUSTON-GALVESTON, TX",2022,08,1,18980,6650,0,0,6650,19069,6650,19069,2022,08,3915100000
3915100000,KG,-,5350,PAKISTAN,53,"HOUSTON-GALVESTON, TX",2022,08,0,0,0,0,0,0,0,0,0,2022,08,3915100000
3915100000,KG,-,5520,VIETNAM,53,"HOUSTON-GALVESTON, TX",2022,08,0,0,0,0,0,0,0,0,0,2022,08,3915100000
3915100000,KG,-,5570,MALAYSIA,53,"HOUSTON-GALVESTON, TX",2022,08,1,17907,17273,0,0,17273,19106,17273,19106,2022,08,3915100000
3915100000,KG,-,5700,CHINA,53,"HOUSTON-GALVESTON, TX",2022,08,1,60000,30000,0,0,30000,60000,30000,60000,2022,08,3915100000
3915100000,KG,-,5820,HONG KONG,53,"HOUSTON-GALVESTON, TX",2022,08,0,0,0,0,0,0,0,0,0,2022,08,3915100000
3915100000,KG,-,5XXX,ASIA,53,"HOUSTON-GALVESTON, TX",2022,08,4,97141,58254,4331,286,53923,98175,53923,98175,2022,08,3915100000
3915100000,KG,-,7210,ALGERIA,53,"HOUSTON-GALVESTON, TX",2022,08,1,535,7268,0,0,7268,535,7268,535,2022,08,3915100000
3915100000,KG,-,7520,TOGO,53,"HOUSTON-GALVESTON, TX",2022,08,0,0,0,0,0,0,0,0,0,2022,08,3915100000
3915100000,KG,-,7790,KENYA,53,"HOUSTON-GALVESTON, TX",2022,08,0,0,0,0,0,0,0,0,0,2022,08,3915100000
3915100000,KG,-,7XXX,AFRICA,53,"HOUSTON-GALVESTON, TX",2022,08,1,535,7268,0,0,7268,535,7268,535,2022,08,3915100000
3915100000,KG,-,0021,TWENTY LATIN AMERICAN REPUBLICS,55,"DALLAS-FORT WORTH, TX",2022,08,0,0,0,0,0,0,0,0,0,2022,08,3915100000
3915100000,KG,-,0022,OECD,55,"DALLAS-FORT WORTH, TX",2022,08,0,0,0,0,0,0,0,0,0,2022,08,3915100000
3915100000,KG,-,0024,LAFTA,55,"DALLAS-FORT WORTH, TX",2022,08,0,0,0,0,0,0,0,0,0,2022,08,3915100000
3915100000,KG,-,0026,APEC,55,"DALLAS-FORT WORTH, TX",2022,08,0,0,0,0,0,0,0,0,0,2022,08,3915100000
3915100000,KG,-,3370,CHILE,55,"DALLAS-FORT WORTH, TX",2022,08,0,0,0,0,0,0,0,0,0,2022,08,3915100000
3915100000,KG,-,3XXX,SOUTH AMERICA,55,"DALLAS-FORT WORTH, TX",2022,08,0,0,0,0,0,0,0,0,0,2022,08,3915100000
3915100000,KG,-,0020,NAFTA,70,LOW VALUE,2022,08,3,1166204,68636,0,0,0,0,0,0,2022,08,3915100000
3915100000,KG,-,0022,OECD,70,LOW VALUE,2022,08,3,1166204,68636,0,0,0,0,0,0,2022,08,3915100000
3915100000,KG,-,0023,NATO,70,LOW VALUE,2022,08,3,1166204,68636,0,0,0,0,0,0,2022,08,3915100000
3915100000,KG,-,0026,APEC,70,LOW VALUE,2022,08,3,1166204,68636,0,0,0,0,0,0,2022,08,3915100000
3915100000,KG,-,1220,CANADA,70,LOW VALUE,2022,08,3,1166204,68636,0,0,0,0,0,0,2022,08,3915100000
3915100000,KG,-,1XXX,NORTH AMERICA,70,LOW VALUE,2022,08,3,1166204,68636,0,0,0,0,0,0,2022,08,3915100000
3915100000,KG,-,-,TOTAL FOR ALL COUNTRIES,10,"NEW YORK CITY, NY",2022,08,64,3110791,1675202,0,0,1675202,3135343,1670237,3121743,2022,08,3915100000
3915100000,KG,-,-,TOTAL FOR ALL COUNTRIES,-,TOTAL FOR ALL DISTRICTS,2022,08,318,11157262,7190012,4331,286,5734130,7230114,5547308,7073186,2022,08,3915100000
3915100000,KG,-,-,TOTAL FOR ALL COUNTRIES,01,"PORTLAND, ME",2022,08,0,0,0,0,0,0,0,0,0,2022,08,3915100000
3915100000,KG,-,-,TOTAL FOR ALL COUNTRIES,02,"ST. ALBANS, VT",2022,08,3,42456,46377,0,0,0,0,0,0,2022,08,3915100000
3915100000,KG,-,-,TOTAL FOR ALL COUNTRIES,07,"OGDENSBURG, NY",2022,08,19,438731,168422,0,0,0,0,0,0,2022,08,3915100000
3915100000,KG,-,-,TOTAL FOR ALL COUNTRIES,09,"BUFFALO, NY",2022,08,12,268262,85967,0,0,7500,18000,7500,18000,2022,08,3915100000
3915100000,KG,-,-,TOTAL FOR ALL COUNTRIES,11,"PHILADELPHIA, PA",2022,08,1,33983,10074,0,0,10074,33983,10074,33983,2022,08,3915100000
3915100000,KG,-,-,TOTAL FOR ALL COUNTRIES,13,"BALTIMORE, MD",2022,08,0,0,0,0,0,0,0,0,0,2022,08,3915100000
3915100000,KG,-,-,TOTAL FOR ALL COUNTRIES,14,"NORFOLK, VA",2022,08,27,925982,482629,0,0,482629,938104,482629,938104,2022,08,3915100000
3915100000,KG,-,-,TOTAL FOR ALL COUNTRIES,15,"WILMINGTON, NC",2022,08,0,0,0,0,0,0,0,0,0,2022,08,3915100000
3915100000,KG,-,-,TOTAL FOR ALL COUNTRIES,16,"CHARLESTON, SC",2022,08,1,17000,3000,0,0,3000,17000,3000,17000,2022,08,3915100000
3915100000,KG,-,-,TOTAL FOR ALL COUNTRIES,17,"SAVANNAH, GA",2022,08,21,1240848,1234516,0,0,1234516,1249285,1234516,1249285,2022,08,3915100000
3915100000,KG,-,-,TOTAL FOR ALL COUNTRIES,18,"TAMPA, FL",2022,08,0,0,0,0,0,0,0,0,0,2022,08,3915100000
3915100000,KG,-,-,TOTAL FOR ALL COUNTRIES,19,"MOBILE, AL",2022,08,0,0,0,0,0,0,0,0,0,2022,08,3915100000
3915100000,KG,-,-,TOTAL FOR ALL COUNTRIES,20,"NEW ORLEANS, LA",2022,08,1,54021,7920,0,0,7920,54431,0,0,2022,08,3915100000
3915100000,KG,-,-,TOTAL FOR ALL COUNTRIES,23,"LAREDO, TX",2022,08,13,165469,136991,0,0,0,0,0,0,2022,08,3915100000
3915100000,KG,-,-,TOTAL FOR ALL COUNTRIES,24,"EL PASO, TX",2022,08,0,0,0,0,0,0,0,0,0,2022,08,3915100000
3915100000,KG,-,-,TOTAL FOR ALL COUNTRIES,25,"SAN DIEGO, CA",2022,08,37,817179,625067,0,0,447270,314000,447270,314000,2022,08,3915100000
3915100000,KG,-,-,TOTAL FOR ALL COUNTRIES,26,"NOGALES, AZ",2022,08,10,194916,136098,0,0,0,0,0,0,2022,08,3915100000
3915100000,KG,-,-,TOTAL FOR ALL COUNTRIES,27,"LOS ANGELES, CA",2022,08,13,407679,211573,0,0,211573,410770,179333,390848,2022,08,3915100000
3915100000,KG,-,-,TOTAL FOR ALL COUNTRIES,28,"SAN FRANCISCO, CA",2022,08,7,458107,58299,0,0,58299,465433,41602,416367,2022,08,3915100000
3915100000,KG,-,-,TOTAL FOR ALL COUNTRIES,34,"PEMBINA, ND",2022,08,3,92704,16046,0,0,0,0,0,0,2022,08,3915100000
3915100000,KG,-,-,TOTAL FOR ALL COUNTRIES,30,"SEATTLE, WA",2022,08,34,766095,444866,0,0,139760,53403,14760,33494,2022,08,3915100000
3915100000,KG,-,-,TOTAL FOR ALL COUNTRIES,32,"HONOLULU, HI",2022,08,0,0,0,0,0,0,0,0,0,2022,08,3915100000
3915100000,KG,-,-,TOTAL FOR ALL COUNTRIES,33,"GREAT FALLS, MT",2022,08,0,0,0,0,0,0,0,0,0,2022,08,3915100000
3915100000,KG,-,-,TOTAL FOR ALL COUNTRIES,38,"DETROIT, MI",2022,08,24,450862,322611,0,0,5000,18536,5000,18536,2022,08,3915100000
3915100000,KG,-,-,TOTAL FOR ALL COUNTRIES,39,"CHICAGO, IL",2022,08,0,0,0,0,0,0,0,0,0,2022,08,3915100000
3915100000,KG,-,-,TOTAL FOR ALL COUNTRIES,41,"CLEVELAND, OH",2022,08,0,0,0,0,0,0,0,0,0,2022,08,3915100000
3915100000,KG,-,-,TOTAL FOR ALL COUNTRIES,49,"SAN JUAN, PR",2022,08,2,41902,1002930,0,0,1002930,42673,1002930,42673,2022,08,3915100000
3915100000,KG,-,-,TOTAL FOR ALL COUNTRIES,52,"MIAMI, FL",2022,08,1,20000,16360,0,0,16360,20000,16360,20000,2022,08,3915100000
3915100000,KG,-,-,TOTAL FOR ALL COUNTRIES,53,"HOUSTON-GALVESTON, TX",2022,08,22,444071,436428,4331,286,432097,459153,432097,459153,2022,08,3915100000
3915100000,KG,-,-,TOTAL FOR ALL COUNTRIES,55,"DALLAS-FORT WORTH, TX",2022,08,0,0,0,0,0,0,0,0,0,2022,08,3915100000
3915100000,KG,-,-,TOTAL FOR ALL COUNTRIES,70,LOW VALUE,2022,08,3,1166204,68636,0,0,0,0,0,0,2022,08,3915100000
3915100000,KG,-,0020,NAFTA,-,TOTAL FOR ALL DISTRICTS,2022,08,142,3878321,1425255,0,0,0,0,0,0,2022,08,3915100000
3915100000,KG,-,0003,EUROPEAN UNION,-,TOTAL FOR ALL DISTRICTS,2022,08,17,458384,458652,0,0,448402,439148,291162,399317,2022,08,3915100000
3915100000,KG,-,0014,PACIFIC RIM COUNTRIES,-,TOTAL FOR ALL DISTRICTS,2022,08,31,2057997,1035584,0,0,1035584,2072645,1018887,2023579,2022,08,3915100000
3915100000,KG,-,0017,CAFTA-DR,-,TOTAL FOR ALL DISTRICTS,2022,08,23,579435,1575697,0,0,1575697,589639,1567777,535208,2022,08,3915100000
3915100000,KG,-,0021,TWENTY LATIN AMERICAN REPUBLICS,-,TOTAL FOR ALL DISTRICTS,2022,08,81,2373366,2997529,0,0,2546643,1520006,2538723,1465575,2022,08,3915100000
3915100000,KG,-,0022,OECD,-,TOTAL FOR ALL DISTRICTS,2022,08,164,4513342,1989273,0,0,553768,623788,396528,583957,2022,08,3915100000
3915100000,KG,-,0023,NATO,-,TOTAL FOR ALL DISTRICTS,2022,08,119,3858132,1650392,0,0,665773,832913,508533,793082,2022,08,3915100000
3915100000,KG,-,0024,LAFTA,-,TOTAL FOR ALL DISTRICTS,2022,08,58,1793931,1421832,0,0,970946,930367,970946,930367,2022,08,3915100000
3915100000,KG,-,0028,CACM,-,TOTAL FOR ALL DISTRICTS,2022,08,22,539435,1552297,0,0,1552297,549639,1544377,495208,2022,08,3915100000
3915100000,KG,-,0025,EURO AREA,-,TOTAL FOR ALL DISTRICTS,2022,08,17,458384,458652,0,0,448402,439148,291162,399317,2022,08,3915100000
3915100000,KG,-,0026,APEC,-,TOTAL FOR ALL DISTRICTS,2022,08,192,6654473,2622026,0,0,1180725,2705265,1164028,2656199,2022,08,3915100000
3915100000,KG,-,0027,ASEAN,-,TOTAL FOR ALL DISTRICTS,2022,08,49,2716152,1166771,0,0,1150725,2645265,1134028,2596199,2022,08,3915100000
3915100000,KG,-,1220,CANADA,-,TOTAL FOR ALL DISTRICTS,2022,08,90,3014757,974369,0,0,0,0,0,0,2022,08,3915100000
3915100000,KG,-,1XXX,NORTH AMERICA,-,TOTAL FOR ALL DISTRICTS,2022,08,142,3878321,1425255,0,0,0,0,0,0,2022,08,3915100000
3915100000,KG,-,2010,MEXICO,-,TOTAL FOR ALL DISTRICTS,2022,08,52,863564,450886,0,0,0,0,0,0,2022,08,3915100000
3915100000,KG,-,2050,GUATEMALA,-,TOTAL FOR ALL DISTRICTS,2022,08,16,307616,326452,0,0,326452,317410,326452,317410,2022,08,3915100000
3915100000,KG,-,2080,BELIZE,-,TOTAL FOR ALL DISTRICTS,2022,08,1,20000,39600,0,0,39600,20000,39600,20000,2022,08,3915100000
3915100000,KG,-,2110,EL SALVADOR,-,TOTAL FOR ALL DISTRICTS,2022,08,4,160000,237000,0,0,237000,160000,237000,160000,2022,08,3915100000
3915100000,KG,-,2150,HONDURAS,-,TOTAL FOR ALL DISTRICTS,2022,08,1,54021,7920,0,0,7920,54431,0,0,2022,08,3915100000
3915100000,KG,-,2190,NICARAGUA,-,TOTAL FOR ALL DISTRICTS,2022,08,0,0,0,0,0,0,0,0,0,2022,08,3915100000
3915100000,KG,-,2230,COSTA RICA,-,TOTAL FOR ALL DISTRICTS,2022,08,1,17798,980925,0,0,980925,17798,980925,17798,2022,08,3915100000
3915100000,KG,-,2470,DOMINICAN REPUBLIC,-,TOTAL FOR ALL DISTRICTS,2022,08,1,40000,23400,0,0,23400,40000,23400,40000,2022,08,3915100000
3915100000,KG,-,2486,DOMINICA,-,TOTAL FOR ALL DISTRICTS,2022,08,0,0,0,0,0,0,0,0,0,2022,08,3915100000
3915100000,KG,-,2XXX,CENTRAL AMERICA,-,TOTAL FOR ALL DISTRICTS,2022,08,24,599435,1615297,0,0,1615297,609639,1607377,555208,2022,08,3915100000
3915100000,KG,-,3010,COLOMBIA,-,TOTAL FOR ALL DISTRICTS,2022,08,0,0,0,0,0,0,0,0,0,2022,08,3915100000
3915100000,KG,-,3310,ECUADOR,-,TOTAL FOR ALL DISTRICTS,2022,08,6,930367,970946,0,0,970946,930367,970946,930367,2022,08,3915100000
3915100000,KG,-,3330,PERU,-,TOTAL FOR ALL DISTRICTS,2022,08,0,0,0,0,0,0,0,0,0,2022,08,3915100000
3915100000,KG,-,3370,CHILE,-,TOTAL FOR ALL DISTRICTS,2022,08,0,0,0,0,0,0,0,0,0,2022,08,3915100000
3915100000,KG,-,3510,BRAZIL,-,TOTAL FOR ALL DISTRICTS,2022,08,0,0,0,0,0,0,0,0,0,2022,08,3915100000
3915100000,KG,-,3XXX,SOUTH AMERICA,-,TOTAL FOR ALL DISTRICTS,2022,08,6,930367,970946,0,0,970946,930367,970946,930367,2022,08,3915100000
3915100000,KG,-,4120,UNITED KINGDOM,-,TOTAL FOR ALL DISTRICTS,2022,08,1,16197,8213,0,0,8213,16940,8213,16940,2022,08,3915100000
3915100000,KG,-,4210,NETHERLANDS,-,TOTAL FOR ALL DISTRICTS,2022,08,2,46865,27787,0,0,27787,47428,27787,47428,2022,08,3915100000
3915100000,KG,-,4231,BELGIUM,-,TOTAL FOR ALL DISTRICTS,2022,08,1,19909,125000,0,0,125000,19909,0,0,2022,08,3915100000
3915100000,KG,-,4279,FRANCE,-,TOTAL FOR ALL DISTRICTS,2022,08,1,19922,32240,0,0,32240,19922,0,0,2022,08,3915100000
3915100000,KG,-,4280,GERMANY,-,TOTAL FOR ALL DISTRICTS,2022,08,0,0,0,0,0,0,0,0,0,2022,08,3915100000
3915100000,KG,-,4490,LATVIA,-,TOTAL FOR ALL DISTRICTS,2022,08,7,208354,112005,0,0,112005,209125,112005,209125,2022,08,3915100000
3915100000,KG,-,4510,LITHUANIA,-,TOTAL FOR ALL DISTRICTS,2022,08,0,0,0,0,0,0,0,0,0,2022,08,3915100000
3915100000,KG,-,4621,RUSSIA,-,TOTAL FOR ALL DISTRICTS,2022,08,0,0,0,0,0,0,0,0,0,2022,08,3915100000
3915100000,KG,-,4633,GEORGIA,-,TOTAL FOR ALL DISTRICTS,2022,08,0,0,0,0,0,0,0,0,0,2022,08,3915100000
3915100000,KG,-,4700,SPAIN,-,TOTAL FOR ALL DISTRICTS,2022,08,6,163334,161620,0,0,151370,142764,151370,142764,2022,08,3915100000
3915100000,KG,-,4759,ITALY,-,TOTAL FOR ALL DISTRICTS,2022,08,0,0,0,0,0,0,0,0,0,2022,08,3915100000
3915100000,KG,-,4810,ALBANIA,-,TOTAL FOR ALL DISTRICTS,2022,08,0,0,0,0,0,0,0,0,0,2022,08,3915100000
3915100000,KG,-,4840,GREECE,-,TOTAL FOR ALL DISTRICTS,2022,08,0,0,0,0,0,0,0,0,0,2022,08,3915100000
3915100000,KG,-,4890,TURKEY,-,TOTAL FOR ALL DISTRICTS,2022,08,11,368794,209158,0,0,209158,376825,209158,376825,2022,08,3915100000
3915100000,KG,-,4XXX,EUROPE,-,TOTAL FOR ALL DISTRICTS,2022,08,29,843375,676023,0,0,665773,832913,508533,793082,2022,08,3915100000
3915100000,KG,-,5170,SAUDI ARABIA,-,TOTAL FOR ALL DISTRICTS,2022,08,1,254,4331,4331,286,0,0,0,0,2022,08,3915100000
3915100000,KG,-,5200,UNITED ARAB EMIRATES,-,TOTAL FOR ALL DISTRICTS,2022,08,1,13178,4965,0,0,4965,13600,0,0,2022,08,3915100000
3915100000,KG,-,5230,OMAN,-,TOTAL FOR ALL DISTRICTS,2022,08,0,0,0,0,0,0,0,0,0,2022,08,3915100000
3915100000,KG,-,5330,INDIA,-,TOTAL FOR ALL DISTRICTS,2022,08,43,1423625,973162,0,0,973162,1435121,973162,1435121,2022,08,3915100000
3915100000,KG,-,5350,PAKISTAN,-,TOTAL FOR ALL DISTRICTS,2022,08,20,622429,284679,0,0,284679,633083,284679,633083,2022,08,3915100000
3915100000,KG,-,5380,BANGLADESH,-,TOTAL FOR ALL DISTRICTS,2022,08,1,69591,31315,0,0,31315,69591,31315,69591,2022,08,3915100000
3915100000,KG,-,5490,THAILAND,-,TOTAL FOR ALL DISTRICTS,2022,08,1,5000,5000,0,0,5000,5000,5000,5000,2022,08,3915100000
3915100000,KG,-,5520,VIETNAM,-,TOTAL FOR ALL DISTRICTS,2022,08,18,713155,156187,0,0,140141,627620,140141,627620,2022,08,3915100000
3915100000,KG,-,5570,MALAYSIA,-,TOTAL FOR ALL DISTRICTS,2022,08,14,425986,249826,0,0,249826,433308,249826,433308,2022,08,3915100000
3915100000,KG,-,5590,SINGAPORE,-,TOTAL FOR ALL DISTRICTS,2022,08,0,0,0,0,0,0,0,0,0,2022,08,3915100000
3915100000,KG,-,5600,INDONESIA,-,TOTAL FOR ALL DISTRICTS,2022,08,16,1572011,755758,0,0,755758,1579337,739061,1530271,2022,08,3915100000
3915100000,KG,-,5700,CHINA,-,TOTAL FOR ALL DISTRICTS,2022,08,1,60000,30000,0,0,30000,60000,30000,60000,2022,08,3915100000
3915100000,KG,-,5800,"KOREA, SOUTH",-,TOTAL FOR ALL DISTRICTS,2022,08,0,0,0,0,0,0,0,0,0,2022,08,3915100000
3915100000,KG,-,5820,HONG KONG,-,TOTAL FOR ALL DISTRICTS,2022,08,0,0,0,0,0,0,0,0,0,2022,08,3915100000
3915100000,KG,-,5830,TAIWAN,-,TOTAL FOR ALL DISTRICTS,2022,08,0,0,0,0,0,0,0,0,0,2022,08,3915100000
3915100000,KG,-,5880,JAPAN,-,TOTAL FOR ALL DISTRICTS,2022,08,0,0,0,0,0,0,0,0,0,2022,08,3915100000
3915100000,KG,-,5XXX,ASIA,-,TOTAL FOR ALL DISTRICTS,2022,08,116,4905229,2495223,4331,286,2474846,4856660,2453184,4793994,2022,08,3915100000
3915100000,KG,-,7210,ALGERIA,-,TOTAL FOR ALL DISTRICTS,2022,08,1,535,7268,0,0,7268,535,7268,535,2022,08,3915100000
3915100000,KG,-,7490,GHANA,-,TOTAL FOR ALL DISTRICTS,2022,08,0,0,0,0,0,0,0,0,0,2022,08,3915100000
3915100000,KG,-,7520,TOGO,-,TOTAL FOR ALL DISTRICTS,2022,08,0,0,0,0,0,0,0,0,0,2022,08,3915100000
3915100000,KG,-,7XXX,AFRICA,-,TOTAL FOR ALL DISTRICTS,2022,08,1,535,7268,0,0,7268,535,7268,535,2022,08,3915100000
3915100000,KG,-,7790,KENYA,-,TOTAL FOR ALL DISTRICTS,2022,08,0,0,0,0,0,0,0,0,0,2022,08,3915100000
